14 0.378906 0.444444 0.020313 0.047222
14 0.405078 0.440278 0.036719 0.052778
13 0.740625 0.484722 0.053125 0.097222
7 0.854688 0.529861 0.012500 0.090278
7 0.863672 0.534028 0.017969 0.084722
1 0.923828 0.543056 0.071094 0.113889
7 0.885938 0.539583 0.028125 0.095833
6 0.976953 0.590278 0.046094 0.091667
8 0.973047 0.560417 0.025781 0.118056
8 0.987891 0.561111 0.022656 0.130556
4 0.385547 0.508333 0.049219 0.083333
4 0.597266 0.591667 0.439844 0.386111
4 0.291406 0.510417 0.096875 0.090278
7 0.344531 0.507639 0.014063 0.076389
14 0.255469 0.509722 0.031250 0.122222
3 0.146094 0.501389 0.290625 0.997222
