13 0.577344 0.496528 0.053125 0.090278
4 0.689063 0.531250 0.090625 0.118056
4 0.855469 0.681250 0.250000 0.337500
6 0.274609 0.520833 0.044531 0.052778
6 0.198828 0.515278 0.017969 0.038889
10 0.309375 0.522222 0.012500 0.041667
1 0.520703 0.502083 0.021094 0.051389
1 0.496094 0.494444 0.018750 0.038889
4 0.440234 0.495833 0.038281 0.052778
4 0.405859 0.523611 0.047656 0.088889
4 0.368359 0.545139 0.094531 0.123611
4 0.430078 0.515278 0.019531 0.063889
2 0.459766 0.522917 0.008594 0.037500
8 0.460156 0.502083 0.009375 0.056944
2 0.439844 0.553472 0.023438 0.079167
8 0.439844 0.525694 0.020313 0.079167
8 0.439844 0.533333 0.023438 0.097222
8 0.490234 0.500694 0.013281 0.040278
6 0.535937 0.558333 0.023438 0.080556
8 0.536719 0.534028 0.029687 0.101389
6 0.501172 0.591667 0.038281 0.136111
8 0.502734 0.545833 0.028906 0.130556
6 0.477344 0.493056 0.009375 0.019444
4 0.069531 0.524306 0.134375 0.126389
7 0.039844 0.577778 0.045312 0.244444
7 0.067578 0.592361 0.053906 0.276389
7 0.013281 0.594444 0.025000 0.280556
4 0.476562 0.479167 0.012500 0.019444
8 0.501563 0.552083 0.043750 0.151389
4 0.464844 0.486111 0.018750 0.025000
