14 0.345573 0.403704 0.004687 0.009259
8 0.345833 0.416667 0.004167 0.014815
4 0.357292 0.414352 0.008333 0.012037
8 0.367708 0.415278 0.005208 0.012037
4 0.377865 0.431481 0.028646 0.022222
4 0.399479 0.427315 0.020833 0.006481
4 0.351562 0.423148 0.015625 0.014815
8 0.350521 0.447685 0.012500 0.050926
6 0.349479 0.493056 0.011458 0.056481
8 0.361979 0.436111 0.022917 0.053704
8 0.682813 0.423611 0.008333 0.025000
8 0.611719 0.420833 0.005729 0.010185
8 0.647917 0.433333 0.014583 0.024074
6 0.649740 0.439352 0.015104 0.017593
4 0.671615 0.447685 0.018229 0.012037
4 0.605990 0.436574 0.071354 0.023148
3 0.473438 0.384259 0.178125 0.098148
8 0.505208 0.427315 0.011458 0.010185
4 0.542188 0.482870 0.061458 0.117593
4 0.608333 0.541204 0.140625 0.184259
4 0.443490 0.419444 0.072396 0.014815
6 0.352344 0.454167 0.004687 0.008333
8 0.126042 0.469444 0.026042 0.085185
8 0.142187 0.466667 0.014583 0.090741
8 0.080729 0.468519 0.028125 0.075926
8 0.114583 0.477778 0.033333 0.096296
6 0.128646 0.518519 0.034375 0.061111
3 0.249740 0.431481 0.210938 0.361111
6 0.200000 0.557870 0.073958 0.108333
8 0.195312 0.539815 0.073958 0.190741
6 0.133854 0.528241 0.046875 0.050926
8 0.105990 0.491204 0.068229 0.117593
6 0.068750 0.531019 0.015625 0.023148
6 0.023698 0.495370 0.021354 0.040741
6 0.053125 0.523611 0.019792 0.026852
8 0.024479 0.493519 0.047917 0.092593
4 0.813542 0.649537 0.371875 0.695370
1 0.443490 0.656944 0.196354 0.462037
4 0.147396 0.767593 0.293750 0.464815
6 0.568750 0.791667 0.160417 0.412963
8 0.563542 0.717130 0.171875 0.565741
