14 0.496094 0.484722 0.007812 0.013889
6 0.494141 0.488194 0.002344 0.006944
8 0.494141 0.483333 0.003906 0.008333
14 0.491016 0.484722 0.002344 0.008333
14 0.506250 0.487500 0.004687 0.011111
14 0.512109 0.487500 0.011719 0.019444
4 0.527734 0.493750 0.022656 0.018056
14 0.555078 0.493750 0.011719 0.018056
8 0.541797 0.487500 0.010156 0.025000
8 0.548438 0.491667 0.010937 0.019444
4 0.678906 0.600694 0.246875 0.315278
14 0.722656 0.518750 0.212500 0.326389
8 0.727734 0.476389 0.014844 0.044444
8 0.748437 0.483333 0.023438 0.088889
14 0.476953 0.486806 0.008594 0.020833
4 0.468359 0.487500 0.010156 0.016667
4 0.463281 0.490972 0.010937 0.023611
4 0.456250 0.491667 0.017188 0.022222
4 0.433203 0.506944 0.027344 0.058333
4 0.384375 0.573611 0.092188 0.180556
4 0.247656 0.677778 0.296875 0.363889
8 0.449219 0.495833 0.009375 0.022222
8 0.456641 0.490278 0.008594 0.022222
4 0.517969 0.663889 0.226562 0.391667
8 0.653125 0.359722 0.017188 0.052778
8 0.693750 0.350000 0.020313 0.041667
