14 0.523047 0.479861 0.005469 0.020833
14 0.532031 0.477778 0.010937 0.013889
14 0.537109 0.478472 0.005469 0.009722
14 0.534375 0.484722 0.007812 0.011111
4 0.527734 0.489583 0.008594 0.012500
14 0.535156 0.490278 0.007812 0.011111
6 0.532813 0.493750 0.003125 0.006944
8 0.532813 0.487500 0.003125 0.008333
6 0.538281 0.493056 0.004687 0.008333
8 0.538281 0.484722 0.003125 0.008333
1 0.545703 0.488194 0.013281 0.026389
1 0.553125 0.495139 0.010937 0.031944
14 0.573438 0.446528 0.012500 0.015278
3 0.753125 0.484028 0.070312 0.048611
1 0.808203 0.518056 0.027344 0.041667
7 0.854297 0.517361 0.005469 0.031944
7 0.871094 0.521528 0.006250 0.031944
7 0.961328 0.538889 0.013281 0.050000
4 0.915234 0.538194 0.058594 0.051389
6 0.919141 0.541667 0.028906 0.047222
8 0.916797 0.531944 0.011719 0.061111
6 0.477344 0.486111 0.003125 0.011111
8 0.476953 0.477778 0.003906 0.008333
6 0.473047 0.490278 0.003906 0.011111
8 0.472656 0.482639 0.003125 0.009722
6 0.481641 0.513194 0.013281 0.040278
8 0.482031 0.491667 0.014063 0.022222
4 0.630859 0.602778 0.202344 0.297222
