3 0.434766 0.473611 0.032031 0.055556
4 0.459766 0.472917 0.005469 0.009722
4 0.469141 0.484722 0.014844 0.025000
4 0.479687 0.502778 0.035937 0.052778
3 0.534766 0.477083 0.041406 0.059722
4 0.581641 0.493750 0.025781 0.045833
4 0.598828 0.477083 0.021094 0.018056
4 0.621484 0.505556 0.039844 0.066667
4 0.676562 0.510417 0.092188 0.090278
1 0.704297 0.472917 0.019531 0.012500
4 0.714063 0.487500 0.021875 0.022222
4 0.739844 0.516667 0.050000 0.077778
4 0.787500 0.534028 0.078125 0.118056
1 0.866797 0.558333 0.128906 0.186111
4 0.958984 0.531944 0.082031 0.136111
7 0.575000 0.488889 0.009375 0.047222
13 0.566016 0.464583 0.019531 0.026389
10 0.886328 0.898611 0.021094 0.044444
10 0.662500 0.665278 0.010937 0.016667
10 0.593359 0.597222 0.007031 0.011111
10 0.561328 0.561111 0.003906 0.008333
10 0.542188 0.543056 0.004687 0.008333
6 0.406250 0.501389 0.007812 0.019444
8 0.407422 0.489583 0.008594 0.029167
7 0.280469 0.512500 0.015625 0.069444
7 0.265625 0.514583 0.012500 0.068056
7 0.253906 0.517361 0.014063 0.073611
7 0.267578 0.517361 0.013281 0.068056
7 0.144531 0.547222 0.025000 0.111111
1 0.025000 0.761806 0.048438 0.473611
14 0.452344 0.477083 0.004687 0.012500
6 0.598437 0.511111 0.017188 0.033333
6 0.611328 0.513194 0.014844 0.045833
8 0.599219 0.497222 0.010937 0.050000
8 0.607812 0.499306 0.015625 0.056944
6 0.625000 0.514583 0.014063 0.043056
8 0.626953 0.500000 0.016406 0.058333
4 0.930078 0.563889 0.011719 0.069444
