3 0.442969 0.473611 0.028125 0.038889
1 0.464844 0.491667 0.015625 0.047222
13 0.500391 0.491667 0.060156 0.144444
4 0.531250 0.474306 0.010937 0.018056
4 0.548047 0.472222 0.017969 0.025000
4 0.569531 0.475000 0.025000 0.027778
4 0.591797 0.470139 0.010156 0.029167
1 0.606250 0.472222 0.018750 0.036111
1 0.619141 0.461111 0.011719 0.016667
4 0.625391 0.472917 0.019531 0.029167
1 0.655078 0.461806 0.028906 0.026389
6 0.602344 0.485417 0.012500 0.026389
8 0.600000 0.473611 0.014063 0.038889
6 0.630078 0.484722 0.013281 0.027778
8 0.630469 0.468750 0.014063 0.037500
4 0.682813 0.463194 0.017188 0.012500
4 0.704688 0.458333 0.028125 0.019444
14 0.709766 0.444444 0.017969 0.013889
8 0.723828 0.459028 0.011719 0.018056
3 0.783203 0.465278 0.088281 0.094444
13 0.840234 0.459722 0.072656 0.094444
1 0.785156 0.479861 0.051562 0.081944
4 0.903906 0.483333 0.089063 0.066667
6 0.900391 0.501389 0.053906 0.080556
8 0.894141 0.478472 0.027344 0.093056
8 0.954297 0.454861 0.011719 0.040278
6 0.958203 0.504861 0.053906 0.065278
8 0.960156 0.511806 0.042188 0.148611
6 0.964844 0.545139 0.070312 0.112500
4 0.689844 0.581944 0.182812 0.236111
14 0.439453 0.485417 0.013281 0.029167
6 0.452344 0.524306 0.015625 0.034722
8 0.454688 0.475694 0.004687 0.012500
1 0.425391 0.497222 0.024219 0.047222
4 0.207031 0.755556 0.412500 0.488889
10 0.626953 0.295833 0.424219 0.072222
10 0.811719 0.335417 0.018750 0.018056
7 0.341797 0.460417 0.008594 0.026389
6 0.539062 0.477083 0.006250 0.012500
8 0.538672 0.472222 0.005469 0.019444
