4 0.507422 0.482639 0.013281 0.018056
1 0.537891 0.503472 0.025781 0.051389
1 0.608594 0.551389 0.079687 0.147222
4 0.819141 0.719444 0.361719 0.433333
8 0.972266 0.615972 0.044531 0.206944
6 0.964063 0.684722 0.071875 0.102778
4 0.486328 0.483333 0.024219 0.011111
4 0.479297 0.540278 0.067969 0.108333
4 0.461719 0.481250 0.014063 0.015278
14 0.469141 0.478472 0.008594 0.015278
14 0.453125 0.486111 0.010937 0.019444
7 0.436719 0.510417 0.009375 0.054167
7 0.440625 0.503472 0.009375 0.062500
7 0.450781 0.502778 0.007812 0.038889
7 0.457813 0.483333 0.004687 0.022222
6 0.426172 0.516667 0.010156 0.041667
4 0.402344 0.524306 0.042188 0.087500
7 0.391016 0.477083 0.007031 0.009722
8 0.367188 0.553472 0.046875 0.151389
6 0.362500 0.569444 0.068750 0.125000
6 0.300781 0.534722 0.032813 0.066667
7 0.454297 0.486806 0.007031 0.023611
