4 0.043750 0.529861 0.085938 0.073611
3 0.189844 0.501389 0.217188 0.263889
4 0.162500 0.765278 0.323437 0.466667
6 0.352344 0.513194 0.012500 0.040278
8 0.352344 0.502083 0.010937 0.048611
4 0.372266 0.492361 0.024219 0.034722
7 0.371875 0.498611 0.014063 0.050000
1 0.400781 0.489583 0.012500 0.031944
4 0.418359 0.488889 0.030469 0.038889
1 0.464844 0.486806 0.007812 0.020833
4 0.457813 0.490278 0.014063 0.019444
14 0.447656 0.488889 0.009375 0.019444
1 0.479687 0.487500 0.009375 0.022222
14 0.472656 0.486806 0.007812 0.023611
2 0.498828 0.492361 0.002344 0.009722
8 0.498828 0.485417 0.003906 0.015278
14 0.505859 0.481250 0.005469 0.009722
4 0.517578 0.487500 0.017969 0.033333
4 0.526953 0.493750 0.021094 0.040278
7 0.532813 0.478472 0.006250 0.023611
7 0.537109 0.515278 0.017969 0.097222
4 0.575000 0.497917 0.034375 0.048611
4 0.614062 0.506250 0.056250 0.068056
4 0.646094 0.539583 0.034375 0.120833
1 0.967187 0.565278 0.062500 0.202778
6 0.385156 0.565278 0.034375 0.122222
8 0.383203 0.531250 0.032031 0.106944
14 0.485938 0.485417 0.007812 0.023611
7 0.493750 0.486806 0.010937 0.031944
