6 0.341797 0.554167 0.046094 0.111111
7 0.377734 0.493750 0.022656 0.123611
7 0.390625 0.503472 0.020313 0.118056
7 0.426563 0.520833 0.031250 0.166667
3 0.545312 0.456944 0.018750 0.030556
3 0.570703 0.456250 0.017969 0.031944
4 0.561719 0.465972 0.023438 0.015278
4 0.532031 0.466667 0.020313 0.022222
1 0.514844 0.467361 0.018750 0.023611
8 0.528125 0.469444 0.003125 0.019444
8 0.533203 0.472222 0.003906 0.019444
4 0.586328 0.468750 0.017969 0.015278
1 0.604297 0.485417 0.044531 0.045833
4 0.623437 0.554167 0.095312 0.172222
4 0.690625 0.492361 0.064062 0.065278
4 0.741016 0.497222 0.060156 0.075000
8 0.768750 0.478472 0.015625 0.031944
4 0.908203 0.636806 0.182031 0.398611
4 0.731641 0.514583 0.117969 0.076389
4 0.728906 0.672222 0.259375 0.316667
4 0.545312 0.522222 0.059375 0.094444
4 0.573438 0.492361 0.032813 0.056944
8 0.513281 0.486806 0.014063 0.037500
8 0.512109 0.487500 0.017969 0.038889
6 0.510156 0.509722 0.020313 0.047222
8 0.493750 0.504861 0.020313 0.062500
6 0.490625 0.527778 0.025000 0.075000
14 0.524219 0.453472 0.010937 0.012500
8 0.502344 0.476389 0.009375 0.033333
