10 0.229687 0.319907 0.022917 0.054630
13 0.559375 0.473611 0.015625 0.021296
4 0.620052 0.493519 0.019271 0.012963
3 0.588542 0.489352 0.046875 0.084259
1 0.705990 0.501389 0.015104 0.017593
4 0.515365 0.495833 0.007812 0.019444
4 0.545573 0.488426 0.013021 0.004630
4 0.559635 0.492130 0.011979 0.012037
4 0.551042 0.496296 0.026042 0.018519
1 0.528646 0.488426 0.023958 0.010185
4 0.527083 0.528241 0.040625 0.069444
4 0.574219 0.500926 0.043229 0.009259
3 0.516667 0.473611 0.013542 0.030556
3 0.498437 0.486574 0.026042 0.097222
13 0.457552 0.483333 0.064062 0.129630
7 0.402344 0.488889 0.010937 0.029630
7 0.386979 0.503241 0.014583 0.052778
7 0.345052 0.494907 0.016146 0.050926
7 0.359635 0.513426 0.018229 0.089815
8 0.412240 0.500926 0.010937 0.011111
8 0.401302 0.511574 0.015104 0.036111
6 0.346875 0.583333 0.052083 0.107407
8 0.355729 0.554630 0.023958 0.111111
6 0.378385 0.609259 0.015104 0.090741
8 0.382292 0.546759 0.026042 0.076852
4 0.564063 0.562963 0.087500 0.107407
14 0.765885 0.468519 0.113021 0.079630
1 0.779948 0.597222 0.145313 0.220370
6 0.552083 0.573611 0.015625 0.034259
8 0.566146 0.550000 0.038542 0.098148
4 0.680208 0.749074 0.322917 0.438889
13 0.916146 0.537037 0.165625 0.622222
9 0.789062 0.286111 0.019792 0.070370
4 0.440104 0.607407 0.131250 0.209259
6 0.141927 0.651389 0.066146 0.184259
8 0.131510 0.623611 0.061979 0.217593
10 0.225000 0.368519 0.026042 0.029630
13 0.548958 0.474074 0.009375 0.024074
14 0.678646 0.525000 0.068750 0.022222
