4 0.394141 0.463194 0.013281 0.015278
4 0.407813 0.464583 0.012500 0.015278
14 0.421484 0.465278 0.011719 0.013889
4 0.451562 0.467361 0.023438 0.015278
4 0.433984 0.465972 0.014844 0.015278
4 0.451953 0.471528 0.021094 0.029167
4 0.473047 0.468750 0.017969 0.020833
4 0.490234 0.471528 0.024219 0.020833
4 0.553906 0.477083 0.020313 0.029167
14 0.581641 0.486111 0.019531 0.033333
4 0.567187 0.480556 0.014063 0.027778
4 0.642578 0.535417 0.132031 0.204167
8 0.473438 0.475000 0.009375 0.016667
8 0.422656 0.479861 0.012500 0.023611
8 0.405078 0.504167 0.019531 0.069444
4 0.366406 0.519444 0.060937 0.105556
8 0.427734 0.495833 0.016406 0.044444
6 0.421094 0.522917 0.010937 0.031944
4 0.456641 0.484722 0.049219 0.005556
4 0.462500 0.506250 0.079687 0.054167
4 0.503516 0.679167 0.233594 0.347222
4 0.359375 0.547917 0.057813 0.129167
9 0.421484 0.356944 0.021094 0.011111
10 0.399609 0.370139 0.024219 0.018056
9 0.321875 0.386111 0.009375 0.052778
9 0.327734 0.443056 0.008594 0.013889
6 0.166797 0.586806 0.010156 0.054167
8 0.187891 0.501389 0.030469 0.069444
4 0.260937 0.585417 0.179688 0.229167
8 0.304688 0.470833 0.010937 0.013889
6 0.142187 0.575000 0.039062 0.050000
8 0.107422 0.525694 0.047656 0.112500
4 0.157422 0.785417 0.313281 0.429167
4 0.820703 0.750000 0.355469 0.461111
9 0.781641 0.428472 0.007031 0.031944
4 0.927734 0.540278 0.036719 0.052778
4 0.525391 0.484722 0.053906 0.044444
8 0.521484 0.487500 0.017969 0.036111
8 0.528906 0.490278 0.031250 0.033333
9 0.882422 0.457639 0.013281 0.031944
6 0.404687 0.516667 0.017188 0.050000
