13 0.126042 0.526852 0.251042 0.662963
13 0.320052 0.446759 0.143229 0.293519
8 0.270573 0.412500 0.046354 0.208333
8 0.250521 0.554167 0.027083 0.234259
4 0.379167 0.432870 0.013542 0.039815
7 0.388021 0.430093 0.006250 0.037963
13 0.384635 0.410185 0.021354 0.037037
6 0.394271 0.426389 0.009375 0.019444
1 0.411719 0.420370 0.014063 0.024074
13 0.425260 0.419907 0.017188 0.037963
6 0.437500 0.426389 0.005208 0.015741
8 0.437760 0.415278 0.005729 0.017593
6 0.441927 0.434722 0.008854 0.015741
8 0.443229 0.421296 0.007292 0.018519
4 0.452865 0.426852 0.017188 0.022222
7 0.477083 0.435185 0.007292 0.038889
6 0.506250 0.428704 0.011458 0.014815
6 0.529687 0.435648 0.014583 0.019444
7 0.539583 0.463426 0.014583 0.067593
6 0.558333 0.446296 0.018750 0.037037
6 0.574479 0.442593 0.021875 0.020370
6 0.573958 0.455556 0.034375 0.040741
7 0.589323 0.507870 0.014063 0.132407
7 0.597396 0.517593 0.028125 0.140741
7 0.625781 0.464352 0.024479 0.043519
7 0.620313 0.515278 0.023958 0.125000
6 0.647656 0.529167 0.041146 0.097222
8 0.642708 0.487500 0.029167 0.078704
6 0.682031 0.552778 0.067187 0.118519
7 0.670052 0.463889 0.016146 0.053704
7 0.666667 0.475926 0.019792 0.053704
7 0.685156 0.457870 0.017188 0.054630
7 0.755729 0.402315 0.014583 0.052778
7 0.723437 0.473148 0.014583 0.072222
7 0.692448 0.466667 0.015104 0.027778
7 0.733073 0.531944 0.041146 0.167593
7 0.769531 0.514815 0.022396 0.144444
14 0.721875 0.559722 0.084375 0.102778
6 0.758594 0.484722 0.010937 0.052778
6 0.790365 0.504630 0.034896 0.090741
6 0.813021 0.514352 0.057292 0.097222
6 0.834115 0.521759 0.060937 0.106481
6 0.878906 0.533333 0.067187 0.105556
6 0.943229 0.539352 0.077083 0.125000
6 0.965365 0.540741 0.068229 0.133333
13 0.280990 0.277315 0.116146 0.093519
14 0.412760 0.418056 0.015104 0.034259
8 0.410417 0.436111 0.011458 0.037037
6 0.409896 0.452315 0.012500 0.034259
6 0.520573 0.432407 0.010937 0.018519
14 0.619531 0.468519 0.055729 0.085185
7 0.657813 0.468519 0.012500 0.053704
7 0.702604 0.481944 0.017708 0.071296
7 0.675781 0.452315 0.007812 0.026852
