3 0.566406 0.483796 0.006771 0.008333
3 0.559896 0.483796 0.005208 0.008333
3 0.548177 0.486111 0.017188 0.024074
3 0.533594 0.500000 0.014063 0.083333
3 0.466667 0.499074 0.133333 0.238889
1 0.461458 0.618519 0.114583 0.251852
4 0.551823 0.524074 0.039062 0.074074
3 0.573438 0.491667 0.012500 0.022222
4 0.582031 0.498148 0.014063 0.011111
4 0.602344 0.489815 0.026562 0.025926
4 0.615365 0.494444 0.032813 0.016667
4 0.639323 0.534259 0.047396 0.079630
4 0.721615 0.564815 0.113021 0.150000
13 0.870052 0.539815 0.259896 0.914815
4 0.607292 0.575926 0.105208 0.146296
7 0.806771 0.507870 0.016667 0.047222
