4 0.466016 0.470139 0.055469 0.034722
14 0.398438 0.468750 0.007812 0.018056
8 0.392578 0.476389 0.005469 0.016667
8 0.396094 0.484028 0.004687 0.009722
8 0.389453 0.484028 0.007031 0.020833
1 0.416016 0.488194 0.033594 0.040278
7 0.377344 0.484722 0.006250 0.036111
8 0.384375 0.482639 0.010937 0.037500
6 0.412891 0.499306 0.007031 0.006944
8 0.401562 0.493056 0.017188 0.036111
6 0.391797 0.561111 0.038281 0.113889
6 0.365625 0.534028 0.023438 0.065278
8 0.389844 0.522222 0.029687 0.088889
8 0.366016 0.518056 0.019531 0.086111
6 0.360938 0.545139 0.025000 0.048611
8 0.356641 0.559722 0.039844 0.155556
7 0.289453 0.472222 0.016406 0.033333
8 0.320312 0.528472 0.029687 0.087500
6 0.311328 0.591667 0.019531 0.063889
6 0.335938 0.634722 0.060937 0.169444
8 0.339062 0.592361 0.050000 0.209722
1 0.181641 0.733333 0.272656 0.508333
4 0.408203 0.636111 0.024219 0.125000
1 0.519531 0.734028 0.256250 0.531944
7 0.566016 0.473611 0.007031 0.011111
7 0.622656 0.493056 0.012500 0.038889
6 0.642578 0.505556 0.019531 0.036111
7 0.676172 0.522222 0.044531 0.244444
14 0.697266 0.534722 0.010156 0.047222
6 0.988672 0.602083 0.022656 0.076389
14 0.433984 0.463194 0.025781 0.043056
14 0.482812 0.447222 0.023438 0.022222
