4 0.374479 0.576389 0.020833 0.045370
7 0.295833 0.595833 0.040625 0.156481
7 0.183854 0.597685 0.023958 0.163889
7 0.169271 0.600926 0.040625 0.172222
7 0.126823 0.594907 0.028646 0.184259
7 0.408073 0.570833 0.015104 0.067593
7 0.419010 0.572222 0.008854 0.053704
7 0.425781 0.567130 0.006771 0.045370
1 0.465885 0.577315 0.050521 0.041667
4 0.453125 0.684722 0.091667 0.215741
10 0.467448 0.521296 0.014063 0.024074
4 0.576302 0.570370 0.059896 0.037037
4 0.621354 0.564352 0.042708 0.037963
1 0.665625 0.572222 0.047917 0.029630
4 0.634896 0.661111 0.063542 0.181481
4 0.675260 0.633333 0.066146 0.125926
1 0.742708 0.578241 0.028125 0.039815
4 0.725521 0.587500 0.029167 0.047222
4 0.785677 0.578241 0.028646 0.017593
4 0.809896 0.686574 0.172917 0.221296
4 0.856771 0.609722 0.064583 0.080556
4 0.890885 0.593519 0.057813 0.037037
4 0.913281 0.630556 0.066146 0.100000
4 0.979427 0.600000 0.041146 0.059259
6 0.701823 0.701852 0.065104 0.187037
8 0.692969 0.675463 0.063021 0.226852
1 0.546615 0.775926 0.194271 0.440741
6 0.629427 0.746759 0.021354 0.154630
8 0.626302 0.674537 0.038021 0.213889
4 0.918490 0.797222 0.163021 0.401852
6 0.352604 0.728241 0.066667 0.176852
8 0.354427 0.663889 0.056771 0.194444
9 0.513281 0.439815 0.019271 0.011111
8 0.990104 0.589352 0.013542 0.025000
8 0.975260 0.592593 0.013021 0.024074
8 0.965885 0.591667 0.007812 0.020370
10 0.472917 0.543519 0.013542 0.009259
14 0.535417 0.550926 0.015625 0.011111
