3 0.409896 0.402778 0.017708 0.029630
14 0.430208 0.415741 0.007292 0.009259
1 0.424219 0.421759 0.013021 0.013889
1 0.410938 0.422222 0.010417 0.014815
3 0.364063 0.391667 0.073958 0.072222
4 0.385417 0.418519 0.047917 0.025926
4 0.428125 0.439352 0.013542 0.039815
4 0.445052 0.421759 0.021354 0.025000
4 0.485677 0.418519 0.017188 0.018519
4 0.465885 0.416667 0.019271 0.018519
3 0.616406 0.413426 0.016146 0.015741
4 0.601823 0.423611 0.019271 0.017593
1 0.632292 0.422222 0.009375 0.016667
3 0.661458 0.415741 0.031250 0.022222
1 0.675781 0.422685 0.014063 0.013889
4 0.657292 0.425000 0.027083 0.024074
6 0.675781 0.432407 0.008854 0.012963
8 0.673177 0.428241 0.005729 0.017593
14 0.680990 0.431481 0.004687 0.011111
4 0.779687 0.426389 0.012500 0.025000
14 0.768229 0.427778 0.008333 0.031481
1 0.798438 0.418056 0.015625 0.013889
4 0.804167 0.438426 0.042708 0.039815
1 0.856510 0.435185 0.025521 0.035185
7 0.834635 0.437037 0.007812 0.035185
8 0.841146 0.429167 0.005208 0.017593
8 0.844792 0.430556 0.006250 0.018519
8 0.863281 0.433796 0.010937 0.019444
1 0.872656 0.431481 0.022396 0.020370
4 0.880990 0.445370 0.029687 0.044444
3 0.940365 0.437500 0.089063 0.071296
1 0.987240 0.430556 0.019271 0.012963
4 0.988542 0.457870 0.017708 0.045370
7 0.957031 0.482407 0.031771 0.074074
3 0.364323 0.391667 0.075521 0.070370
8 0.424740 0.466204 0.015104 0.080556
8 0.418490 0.475000 0.024479 0.109259
6 0.417969 0.502315 0.029687 0.091667
4 0.457292 0.473148 0.056250 0.100000
4 0.550781 0.620833 0.205729 0.365741
10 0.527604 0.357407 0.020833 0.033333
10 0.759896 0.260648 0.087500 0.128704
1 0.369531 0.420833 0.055729 0.012037
8 0.335417 0.419907 0.010417 0.010185
1 0.359635 0.543981 0.108854 0.237963
7 0.321354 0.419444 0.004167 0.016667
7 0.317448 0.419907 0.005729 0.021296
3 0.153906 0.413889 0.306771 0.500000
10 0.630208 0.297222 0.039583 0.062963
10 0.501823 0.387037 0.009896 0.016667
10 0.834115 0.385648 0.010937 0.010185
