14 0.487891 0.476389 0.008594 0.011111
14 0.495312 0.477778 0.007812 0.011111
1 0.505078 0.485417 0.013281 0.023611
4 0.522656 0.486806 0.020313 0.018056
4 0.608984 0.564583 0.153906 0.231944
14 0.709766 0.515278 0.200781 0.319444
7 0.889062 0.550000 0.032813 0.138889
8 0.685547 0.480556 0.032031 0.105556
8 0.737891 0.480556 0.019531 0.083333
8 0.719141 0.518750 0.032031 0.131944
7 0.478516 0.484722 0.007031 0.022222
4 0.467969 0.482639 0.010937 0.020833
4 0.462109 0.486111 0.011719 0.025000
14 0.453125 0.488889 0.014063 0.025000
4 0.430469 0.501389 0.031250 0.058333
8 0.426563 0.505556 0.015625 0.066667
6 0.430078 0.522222 0.017969 0.047222
4 0.382812 0.569444 0.089063 0.175000
4 0.519531 0.679861 0.231250 0.387500
4 0.247656 0.681944 0.293750 0.369444
8 0.960938 0.598611 0.042188 0.180556
8 0.928125 0.618056 0.059375 0.269444
6 0.910156 0.730556 0.053125 0.116667
6 0.921875 0.870139 0.134375 0.259722
8 0.969922 0.759028 0.060156 0.479167
