7 0.378125 0.448611 0.007812 0.025000
7 0.355469 0.500694 0.009375 0.048611
6 0.370703 0.572222 0.041406 0.102778
8 0.369141 0.534722 0.035156 0.150000
8 0.371875 0.525694 0.035937 0.118056
7 0.346875 0.505556 0.010937 0.052778
7 0.246875 0.485417 0.020313 0.101389
1 0.291797 0.545139 0.110156 0.204167
6 0.039844 0.546528 0.078125 0.129167
7 0.200781 0.502083 0.023438 0.143056
13 0.833594 0.518750 0.160938 0.198611
6 0.971484 0.531944 0.057031 0.097222
8 0.972266 0.500000 0.021094 0.108333
14 0.996875 0.635417 0.006250 0.056944
4 0.809375 0.604167 0.173437 0.280556
13 0.568359 0.454167 0.396094 0.838889
6 0.225000 0.492361 0.021875 0.068056
