3 0.497656 0.412500 0.017188 0.039815
3 0.586979 0.435185 0.169792 0.322222
6 0.765365 0.535185 0.035937 0.100000
8 0.764583 0.493981 0.034375 0.065741
3 0.878646 0.500463 0.242708 0.999074
9 0.432031 0.239815 0.042188 0.014815
6 0.357292 0.537037 0.011458 0.066667
8 0.361979 0.494907 0.032292 0.121296
7 0.208073 0.432407 0.007812 0.033333
7 0.159896 0.432870 0.008333 0.034259
9 0.141927 0.326389 0.011979 0.058333
9 0.143490 0.387037 0.009896 0.018519
6 0.156771 0.477778 0.029167 0.051852
8 0.159896 0.463426 0.013542 0.056481
6 0.208073 0.476389 0.039062 0.047222
8 0.197396 0.462037 0.011458 0.055556
8 0.206771 0.466667 0.013542 0.062963
2 0.255990 0.492593 0.065104 0.050000
8 0.255729 0.438426 0.022917 0.049074
6 0.299219 0.542593 0.034896 0.105556
8 0.299740 0.501389 0.041146 0.139815
14 0.025781 0.444907 0.050521 0.121296
8 0.047656 0.441204 0.009896 0.026852
6 0.032031 0.475000 0.011979 0.024074
8 0.035677 0.448611 0.014063 0.052778
7 0.063281 0.467593 0.013021 0.070370
6 0.046875 0.507407 0.066667 0.088889
8 0.053125 0.488426 0.032292 0.119444
7 0.082812 0.506944 0.039583 0.213889
7 0.127865 0.512037 0.035937 0.211111
7 0.178385 0.525000 0.033854 0.227778
6 0.255469 0.681481 0.097396 0.185185
8 0.259635 0.568519 0.081771 0.264815
1 0.445833 0.655556 0.210417 0.446296
10 0.324219 0.397685 0.018229 0.019444
9 0.029948 0.096759 0.011979 0.028704
9 0.054948 0.116204 0.038021 0.052778
10 0.014844 0.150463 0.028646 0.106481
9 0.010937 0.220370 0.020833 0.072222
