7 0.348828 0.495833 0.017969 0.083333
4 0.608594 0.580556 0.189062 0.286111
6 0.527344 0.499306 0.015625 0.045833
8 0.527344 0.487500 0.014063 0.050000
8 0.497266 0.472917 0.010156 0.020833
6 0.507812 0.511111 0.020313 0.052778
8 0.507812 0.496528 0.018750 0.062500
6 0.475000 0.504861 0.021875 0.056944
8 0.472266 0.492361 0.019531 0.059722
6 0.491406 0.536111 0.026562 0.077778
8 0.490234 0.513194 0.024219 0.090278
4 0.750781 0.486111 0.026562 0.022222
14 0.756641 0.484722 0.016406 0.033333
3 0.885938 0.511111 0.226562 0.538889
7 0.725391 0.484028 0.005469 0.026389
4 0.711328 0.479861 0.014844 0.018056
6 0.713672 0.488194 0.010156 0.015278
8 0.714453 0.480556 0.005469 0.016667
