14 0.217188 0.468750 0.026562 0.018056
3 0.272266 0.458333 0.078906 0.088889
8 0.286328 0.483333 0.007031 0.013889
4 0.292578 0.501389 0.030469 0.041667
8 0.270313 0.483333 0.007812 0.013889
8 0.261719 0.480556 0.012500 0.016667
4 0.219141 0.477778 0.053906 0.033333
8 0.248828 0.481944 0.011719 0.013889
4 0.258594 0.548611 0.075000 0.125000
7 0.158203 0.467361 0.005469 0.018056
7 0.085938 0.481944 0.010937 0.033333
7 0.069141 0.500000 0.013281 0.072222
7 0.057031 0.501389 0.014063 0.077778
7 0.033203 0.502083 0.022656 0.081944
4 0.155078 0.597222 0.200781 0.255556
6 0.114844 0.831250 0.226562 0.337500
8 0.133594 0.747222 0.185938 0.461111
8 0.084766 0.780556 0.167969 0.438889
4 0.483984 0.550694 0.088281 0.137500
8 0.536328 0.507639 0.024219 0.084722
6 0.441406 0.584722 0.078125 0.116667
8 0.430469 0.561806 0.042188 0.187500
6 0.388672 0.647917 0.075781 0.179167
8 0.405859 0.592361 0.055469 0.237500
8 0.375000 0.588194 0.057813 0.209722
4 0.922266 0.596528 0.155469 0.273611
6 0.899609 0.748611 0.042969 0.175000
8 0.884766 0.583333 0.052344 0.194444
4 0.698438 0.695833 0.371875 0.530556
10 0.796094 0.297917 0.025000 0.048611
10 0.121875 0.380556 0.025000 0.030556
7 0.007812 0.495139 0.014063 0.104167
7 0.093359 0.475000 0.007031 0.025000
7 0.099609 0.471528 0.005469 0.018056
14 0.162500 0.460417 0.040625 0.029167
14 0.989453 0.975694 0.019531 0.043056
