10 0.348438 0.384722 0.010937 0.047222
7 0.323047 0.468750 0.016406 0.056944
1 0.389062 0.485417 0.040625 0.068056
6 0.388672 0.573611 0.046094 0.166667
8 0.390234 0.552083 0.042969 0.187500
8 0.392578 0.536111 0.035156 0.155556
7 0.282031 0.497222 0.025000 0.111111
6 0.336328 0.612500 0.071094 0.188889
6 0.221875 0.621528 0.076563 0.187500
8 0.220312 0.586111 0.068750 0.230556
6 0.132422 0.797917 0.253906 0.401389
8 0.157812 0.667361 0.150000 0.434722
8 0.341406 0.570139 0.068750 0.218056
14 0.774609 0.455556 0.047656 0.044444
13 0.742578 0.450000 0.041406 0.125000
4 0.791406 0.519444 0.142187 0.086111
8 0.926562 0.487500 0.014063 0.030556
4 0.842578 0.720833 0.314844 0.438889
13 0.569922 0.472222 0.347656 0.750000
4 0.040625 0.455556 0.078125 0.052778
4 0.169141 0.459722 0.050781 0.033333
14 0.885938 0.475000 0.053125 0.050000
