4 0.127344 0.770833 0.253125 0.458333
7 0.200391 0.533333 0.033594 0.141667
4 0.322656 0.561806 0.134375 0.159722
7 0.353906 0.472917 0.015625 0.031944
4 0.394141 0.485417 0.028906 0.043056
6 0.374609 0.483333 0.005469 0.016667
8 0.373828 0.477083 0.005469 0.023611
1 0.416016 0.485417 0.016406 0.040278
1 0.437891 0.502083 0.030469 0.070833
8 0.464062 0.479167 0.009375 0.022222
6 0.438281 0.537500 0.020313 0.061111
8 0.441406 0.500000 0.025000 0.052778
1 0.486719 0.474306 0.029687 0.018056
4 0.541406 0.520833 0.056250 0.094444
14 0.523047 0.471528 0.038281 0.015278
7 0.593750 0.485417 0.015625 0.062500
7 0.620703 0.487500 0.016406 0.061111
4 0.678125 0.495833 0.071875 0.063889
4 0.858203 0.522222 0.147656 0.150000
6 0.951953 0.531250 0.046094 0.040278
8 0.948047 0.506944 0.017969 0.047222
4 0.499219 0.581944 0.125000 0.202778
10 0.031250 0.481944 0.060937 0.086111
14 0.362500 0.470833 0.014063 0.019444
