10 0.665234 0.170139 0.632031 0.137500
13 0.587109 0.460417 0.119531 0.284722
13 0.651563 0.456944 0.029687 0.061111
3 0.701562 0.470833 0.054688 0.080556
1 0.757422 0.502083 0.055469 0.093056
3 0.896875 0.461806 0.206250 0.318056
4 0.665625 0.489583 0.048438 0.026389
4 0.666016 0.604167 0.188281 0.277778
1 0.519922 0.502778 0.014844 0.077778
3 0.496094 0.459722 0.068750 0.116667
1 0.462891 0.487500 0.052344 0.027778
4 0.433594 0.489583 0.023438 0.029167
8 0.487891 0.491667 0.014844 0.022222
8 0.494531 0.495833 0.007812 0.016667
6 0.498828 0.494444 0.014844 0.016667
8 0.460938 0.470833 0.007812 0.008333
8 0.415625 0.495139 0.014063 0.023611
8 0.402344 0.465278 0.010937 0.013889
8 0.415234 0.472222 0.013281 0.016667
4 0.371875 0.532639 0.095312 0.131944
4 0.450781 0.654167 0.196875 0.308333
4 0.244141 0.627083 0.260156 0.265278
7 0.055078 0.536111 0.042969 0.222222
8 0.212109 0.677778 0.139844 0.380556
8 0.262500 0.719444 0.103125 0.416667
6 0.228125 0.809028 0.175000 0.381944
