6 0.015104 0.476389 0.029167 0.087963
8 0.004687 0.438889 0.008333 0.085185
7 0.008333 0.492593 0.015625 0.194444
6 0.708594 0.451852 0.020313 0.024074
2 0.736719 0.469907 0.025521 0.028704
7 0.741146 0.419444 0.010417 0.042593
7 0.845313 0.470833 0.011458 0.065741
7 0.892969 0.498611 0.019271 0.091667
6 0.954948 0.508333 0.026562 0.072222
1 0.983594 0.500000 0.032813 0.077778
4 0.966667 0.598148 0.064583 0.212963
4 0.683594 0.550926 0.075521 0.259259
3 0.359635 0.468056 0.605729 0.934259
8 0.017969 0.462500 0.014063 0.071296
