6 0.076563 0.822222 0.153125 0.355556
8 0.061719 0.763194 0.118750 0.462500
4 0.982422 0.531944 0.028906 0.036111
4 0.952734 0.529861 0.046094 0.043056
3 0.485938 0.461111 0.017188 0.025000
3 0.505859 0.464583 0.016406 0.018056
14 0.471094 0.463889 0.006250 0.011111
4 0.481250 0.473611 0.014063 0.013889
14 0.471875 0.472917 0.007812 0.009722
14 0.464453 0.474306 0.010156 0.012500
1 0.496875 0.477083 0.017188 0.012500
14 0.520703 0.477778 0.030469 0.016667
4 0.546484 0.495139 0.035156 0.054167
14 0.567578 0.475694 0.013281 0.012500
4 0.573828 0.516667 0.049219 0.075000
4 0.637500 0.536111 0.115625 0.155556
3 0.696875 0.457639 0.106250 0.104167
4 0.822656 0.645139 0.310937 0.348611
1 0.462500 0.461806 0.007812 0.012500
4 0.467187 0.501389 0.026562 0.047222
6 0.446875 0.488889 0.006250 0.016667
8 0.445312 0.477778 0.006250 0.025000
6 0.443359 0.488889 0.007031 0.013889
8 0.441016 0.479167 0.007031 0.019444
6 0.441406 0.518056 0.015625 0.050000
8 0.439453 0.502083 0.016406 0.048611
6 0.430078 0.534722 0.021094 0.050000
8 0.428906 0.509722 0.018750 0.069444
4 0.503125 0.579861 0.120313 0.195833
10 0.483203 0.415972 0.032031 0.026389
7 0.452734 0.484722 0.007031 0.025000
8 0.455469 0.476389 0.007812 0.022222
