14 0.474609 0.465972 0.003906 0.006944
14 0.510938 0.469444 0.007812 0.016667
14 0.528906 0.460417 0.028125 0.015278
3 0.491016 0.459028 0.030469 0.034722
4 0.494922 0.501389 0.019531 0.052778
4 0.527344 0.534722 0.079687 0.127778
4 0.627734 0.533333 0.083594 0.108333
8 0.450781 0.481250 0.004687 0.018056
8 0.443750 0.479861 0.007812 0.015278
8 0.438281 0.480556 0.007812 0.016667
1 0.455469 0.477083 0.006250 0.009722
1 0.471094 0.506944 0.032813 0.072222
1 0.417187 0.493750 0.034375 0.048611
4 0.432422 0.538889 0.067969 0.105556
6 0.377344 0.626389 0.054688 0.141667
8 0.385547 0.526389 0.035156 0.083333
8 0.371875 0.561806 0.051562 0.151389
10 0.082422 0.222222 0.049219 0.108333
1 0.089844 0.745139 0.178125 0.509722
4 0.715625 0.622917 0.031250 0.134722
1 0.854297 0.739583 0.291406 0.520833
8 0.450391 0.478472 0.010156 0.018056
