14 0.420312 0.423611 0.004167 0.006481
14 0.416406 0.432407 0.007812 0.012963
4 0.414323 0.436111 0.010937 0.014815
4 0.405469 0.434722 0.010937 0.013889
3 0.434115 0.430093 0.007812 0.036111
3 0.460677 0.429167 0.047396 0.110185
6 0.445312 0.481481 0.022917 0.070370
8 0.446354 0.466667 0.021875 0.074074
6 0.799740 0.493981 0.029687 0.032407
6 0.911979 0.504630 0.032292 0.040741
8 0.902604 0.484722 0.031250 0.073148
3 0.635417 0.411574 0.309375 0.534259
1 0.936719 0.733796 0.126562 0.532407
4 0.362500 0.437963 0.013542 0.018519
4 0.344271 0.443981 0.023958 0.041667
4 0.285938 0.449074 0.045833 0.057407
7 0.200521 0.439815 0.009375 0.046296
6 0.213542 0.459259 0.011458 0.031481
8 0.212760 0.444444 0.010937 0.033333
6 0.033333 0.489352 0.042708 0.087963
8 0.035937 0.462037 0.031250 0.100000
14 0.426042 0.421296 0.009375 0.014815
14 0.425260 0.432407 0.009896 0.014815
14 0.423958 0.434259 0.005208 0.014815
4 0.413802 0.435185 0.010937 0.012963
6 0.188281 0.446296 0.017188 0.029630
