10 0.475000 0.409028 0.040625 0.018056
14 0.461328 0.465972 0.010156 0.009722
3 0.476172 0.461806 0.016406 0.026389
3 0.495703 0.462500 0.017969 0.019444
4 0.518750 0.475694 0.015625 0.012500
4 0.539062 0.493056 0.032813 0.058333
4 0.569531 0.513889 0.056250 0.077778
4 0.643359 0.535417 0.124219 0.173611
3 0.781641 0.431250 0.230469 0.151389
4 0.862109 0.727778 0.275781 0.544444
14 0.457813 0.472917 0.018750 0.012500
4 0.472656 0.474306 0.015625 0.018056
1 0.490625 0.475000 0.026562 0.013889
7 0.440234 0.484028 0.007031 0.029167
7 0.433594 0.468056 0.004687 0.013889
7 0.433594 0.477778 0.004687 0.019444
7 0.430078 0.475694 0.007031 0.020833
7 0.425781 0.474306 0.006250 0.018056
6 0.429297 0.517361 0.014844 0.051389
8 0.430859 0.500694 0.016406 0.045833
6 0.413672 0.527778 0.021094 0.066667
8 0.415625 0.512500 0.020313 0.069444
6 0.223828 0.752083 0.139844 0.315278
8 0.237891 0.650000 0.103906 0.300000
4 0.459375 0.499306 0.029687 0.048611
4 0.503125 0.477083 0.021875 0.009722
4 0.500781 0.576389 0.114062 0.194444
