10 0.465625 0.441667 0.007812 0.016667
3 0.560937 0.466667 0.037500 0.058333
3 0.447266 0.459028 0.032031 0.043056
4 0.581641 0.525694 0.057031 0.095833
4 0.407813 0.473611 0.026562 0.016667
4 0.433594 0.481250 0.029687 0.023611
4 0.448437 0.507639 0.032813 0.059722
14 0.367578 0.464583 0.022656 0.023611
4 0.377344 0.488194 0.025000 0.023611
8 0.392578 0.478472 0.007031 0.012500
4 0.406250 0.521528 0.048438 0.079167
6 0.441797 0.537500 0.025781 0.066667
8 0.440234 0.515972 0.022656 0.076389
3 0.494922 0.491667 0.061719 0.158333
4 0.389453 0.565278 0.047656 0.141667
1 0.258984 0.693750 0.247656 0.451389
4 0.090234 0.470833 0.007031 0.030556
4 0.042188 0.488194 0.079687 0.070833
4 0.537891 0.593750 0.121094 0.193056
4 0.613672 0.481944 0.013281 0.019444
13 0.637500 0.492361 0.045312 0.073611
1 0.671875 0.496528 0.014063 0.029167
4 0.899219 0.532639 0.043750 0.056944
4 0.694922 0.515972 0.042969 0.054167
3 0.799219 0.502778 0.168750 0.133333
4 0.958984 0.585417 0.082031 0.145833
6 0.712109 0.646528 0.064844 0.162500
8 0.714063 0.588194 0.060937 0.226389
6 0.535156 0.476389 0.004687 0.019444
8 0.533203 0.475694 0.007031 0.031944
4 0.583203 0.472222 0.007031 0.016667
4 0.926953 0.528472 0.036719 0.045833
6 0.636328 0.558333 0.030469 0.080556
8 0.635547 0.525694 0.032031 0.093056
