7 0.183854 0.505093 0.034375 0.152778
7 0.269271 0.427315 0.010417 0.017593
7 0.296615 0.426389 0.008854 0.015741
4 0.397396 0.438426 0.022917 0.032407
4 0.379688 0.436111 0.017708 0.022222
7 0.368750 0.433333 0.006250 0.022222
6 0.378125 0.444444 0.008333 0.022222
8 0.377865 0.434722 0.005729 0.021296
7 0.363542 0.432407 0.005208 0.014815
1 0.423177 0.463889 0.038021 0.087037
4 0.440625 0.428704 0.013542 0.018519
1 0.497656 0.452778 0.035937 0.061111
6 0.447396 0.497222 0.025000 0.077778
8 0.446354 0.475926 0.022917 0.090741
6 0.483333 0.482407 0.021875 0.070370
8 0.479948 0.454167 0.020313 0.052778
6 0.467448 0.532407 0.041146 0.116667
8 0.465885 0.495833 0.036979 0.139815
6 0.501823 0.493981 0.040104 0.076852
8 0.511458 0.473148 0.035417 0.090741
6 0.537760 0.525463 0.049479 0.132407
6 0.550521 0.434722 0.020833 0.025000
7 0.627604 0.478241 0.036458 0.152778
7 0.659635 0.474074 0.029687 0.150000
6 0.764323 0.549537 0.096354 0.106481
6 0.862500 0.556481 0.113542 0.174074
7 0.711458 0.508333 0.067708 0.259259
7 0.894010 0.509259 0.046354 0.285185
7 0.795573 0.525000 0.052604 0.264815
2 0.788021 0.464815 0.123958 0.103704
2 0.708333 0.542593 0.039583 0.072222
6 0.613542 0.574537 0.087500 0.200926
6 0.956510 0.594907 0.082812 0.219444
6 0.956250 0.773611 0.087500 0.452778
8 0.985156 0.789815 0.029687 0.420370
1 0.300521 0.651389 0.207292 0.450926
7 0.314844 0.425926 0.005729 0.007407
7 0.326042 0.426389 0.004167 0.006481
6 0.385417 0.438889 0.007292 0.014815
8 0.386719 0.432407 0.006771 0.022222
2 0.565104 0.469444 0.032292 0.051852
6 0.678385 0.497685 0.026562 0.065741
2 0.743750 0.449074 0.035417 0.070370
