8 0.505469 0.486806 0.007812 0.023611
8 0.467969 0.484722 0.010937 0.016667
6 0.416016 0.525694 0.013281 0.031944
8 0.425391 0.488194 0.010156 0.020833
8 0.418359 0.497917 0.011719 0.037500
6 0.403516 0.531250 0.022656 0.029167
8 0.405469 0.508333 0.014063 0.058333
8 0.395703 0.504167 0.013281 0.038889
4 0.372266 0.515972 0.038281 0.062500
4 0.475391 0.542361 0.069531 0.112500
6 0.436328 0.589583 0.044531 0.129167
8 0.438672 0.563194 0.047656 0.179167
8 0.426563 0.569444 0.039062 0.161111
4 0.844141 0.528472 0.066406 0.101389
1 0.745313 0.596528 0.145313 0.256944
4 0.909375 0.607639 0.181250 0.301389
4 0.584375 0.592361 0.203125 0.312500
4 0.899219 0.869444 0.201563 0.261111
10 0.790234 0.289583 0.024219 0.054167
14 0.141016 0.485417 0.014844 0.029167
1 0.144922 0.490278 0.010156 0.025000
14 0.153125 0.495139 0.018750 0.020833
1 0.129688 0.486806 0.009375 0.018056
13 0.122266 0.481944 0.013281 0.022222
3 0.234766 0.459028 0.060156 0.076389
4 0.192578 0.517361 0.071094 0.101389
4 0.167969 0.545139 0.059375 0.090278
4 0.237500 0.544444 0.071875 0.108333
4 0.096484 0.640972 0.191406 0.354167
6 0.324609 0.702778 0.099219 0.222222
8 0.340625 0.609028 0.071875 0.245833
8 0.319141 0.647222 0.114844 0.280556
9 0.108984 0.371528 0.013281 0.006944
10 0.083203 0.386806 0.019531 0.029167
8 0.042578 0.478472 0.013281 0.015278
8 0.114453 0.479167 0.007031 0.013889
