4 0.473047 0.497917 0.013281 0.018056
14 0.568750 0.495139 0.007812 0.015278
14 0.575391 0.495833 0.008594 0.016667
13 0.548438 0.488194 0.020313 0.043056
4 0.562891 0.499306 0.007031 0.015278
6 0.558203 0.512500 0.007031 0.019444
8 0.558594 0.504861 0.009375 0.026389
8 0.700781 0.504861 0.012500 0.031944
4 0.682031 0.530556 0.060937 0.072222
7 0.986328 0.527083 0.022656 0.109722
4 0.514062 0.536111 0.059375 0.111111
8 0.524609 0.538889 0.021094 0.097222
8 0.532813 0.550000 0.042188 0.127778
6 0.537109 0.598611 0.032031 0.077778
6 0.590625 0.636806 0.068750 0.190278
8 0.585156 0.579861 0.051562 0.176389
6 0.461719 0.575000 0.010937 0.058333
8 0.459766 0.543750 0.022656 0.095833
6 0.444141 0.597222 0.039844 0.091667
8 0.448047 0.525694 0.017969 0.062500
8 0.439453 0.552778 0.038281 0.125000
4 0.387500 0.543056 0.081250 0.086111
7 0.393750 0.494444 0.010937 0.016667
8 0.351172 0.517361 0.019531 0.045833
8 0.346094 0.524306 0.032813 0.054167
6 0.096875 0.540278 0.035937 0.038889
8 0.097656 0.522222 0.017188 0.055556
6 0.026953 0.665972 0.052344 0.170833
8 0.008203 0.734722 0.014844 0.080556
6 0.093750 0.675000 0.028125 0.105556
8 0.127734 0.557639 0.041406 0.120833
8 0.161328 0.545139 0.033594 0.054167
4 0.235156 0.687500 0.295312 0.366667
9 0.329688 0.404861 0.012500 0.059722
9 0.401953 0.248611 0.013281 0.013889
9 0.426563 0.248611 0.035937 0.016667
10 0.370312 0.286111 0.043750 0.052778
8 0.216797 0.503472 0.019531 0.034722
