13 0.587891 0.481944 0.024219 0.069444
8 0.575391 0.501389 0.008594 0.047222
4 0.623047 0.499306 0.022656 0.048611
4 0.601562 0.507639 0.043750 0.059722
6 0.575391 0.511111 0.007031 0.041667
4 0.646094 0.494444 0.010937 0.022222
4 0.661328 0.489583 0.025781 0.029167
4 0.669141 0.522222 0.041406 0.094444
1 0.730078 0.504861 0.089844 0.059722
4 0.814063 0.495833 0.043750 0.033333
4 0.809375 0.506944 0.071875 0.050000
1 0.872266 0.511111 0.057031 0.088889
4 0.946484 0.504861 0.014844 0.034722
4 0.929688 0.509028 0.029687 0.043056
3 0.987500 0.495833 0.025000 0.088889
6 0.953516 0.653472 0.092969 0.204167
8 0.963672 0.594444 0.072656 0.230556
4 0.791406 0.688889 0.300000 0.394444
13 0.511328 0.486111 0.025781 0.080556
13 0.547266 0.497222 0.049219 0.127778
6 0.635156 0.553472 0.028125 0.076389
8 0.629297 0.524306 0.017969 0.084722
8 0.638281 0.523611 0.028125 0.080556
6 0.391406 0.647222 0.068750 0.200000
8 0.391406 0.586806 0.056250 0.190278
14 0.574219 0.478472 0.006250 0.015278
10 0.491016 0.451389 0.007031 0.011111
