10 0.391146 0.296759 0.034375 0.032407
9 0.417187 0.274537 0.030208 0.010185
14 0.582292 0.425463 0.011458 0.021296
3 0.610417 0.427315 0.007292 0.019444
3 0.597135 0.426852 0.021354 0.046296
3 0.628646 0.425000 0.013542 0.024074
1 0.617969 0.435648 0.009896 0.019444
1 0.626042 0.432870 0.008333 0.013889
7 0.614844 0.442130 0.006771 0.025000
13 0.679948 0.430093 0.017188 0.043519
4 0.695052 0.442593 0.019271 0.029630
1 0.716146 0.445370 0.023958 0.040741
1 0.755208 0.448148 0.029167 0.040741
3 0.848698 0.431481 0.161979 0.100000
13 0.652865 0.433333 0.039062 0.074074
1 0.384896 0.712037 0.260417 0.553704
6 0.697396 0.720833 0.115625 0.395370
8 0.689844 0.654630 0.118229 0.405556
8 0.698698 0.645370 0.129688 0.366667
6 0.023958 0.653241 0.046875 0.091667
6 0.182292 0.871296 0.163542 0.257407
8 0.024740 0.722685 0.048438 0.149074
8 0.121094 0.763889 0.241146 0.472222
10 0.151823 0.387963 0.022396 0.018519
10 0.552344 0.406481 0.006771 0.012963
7 0.557031 0.436111 0.005729 0.025926
7 0.553385 0.436574 0.005729 0.026852
