9 0.532292 0.265741 0.031250 0.011111
10 0.452344 0.383796 0.014063 0.012037
3 0.548177 0.425000 0.136979 0.270370
8 0.446615 0.424537 0.005729 0.008333
6 0.554688 0.536111 0.032292 0.142593
8 0.553385 0.503704 0.030729 0.155556
8 0.538281 0.494907 0.021354 0.093519
8 0.512500 0.513889 0.051042 0.129630
8 0.509635 0.581944 0.068229 0.241667
6 0.522656 0.650463 0.051562 0.149074
8 0.455208 0.450000 0.015625 0.051852
8 0.452865 0.474537 0.023438 0.095370
6 0.462240 0.453241 0.007812 0.012037
8 0.446354 0.477778 0.028125 0.083333
8 0.421354 0.460185 0.026042 0.066667
8 0.432552 0.540741 0.056771 0.187037
8 0.389583 0.513889 0.033333 0.137037
6 0.435677 0.607407 0.057813 0.181481
9 0.376563 0.283796 0.019792 0.089815
9 0.322917 0.333333 0.009375 0.048148
8 0.345052 0.417593 0.008854 0.020370
8 0.325781 0.416204 0.005729 0.026852
7 0.318229 0.428704 0.014583 0.042593
6 0.319531 0.435185 0.036979 0.033333
6 0.342187 0.435648 0.014583 0.028704
9 0.326562 0.375000 0.007292 0.012963
9 0.384635 0.343981 0.020313 0.028704
7 0.269531 0.431019 0.023438 0.049074
7 0.245052 0.425463 0.028646 0.052778
7 0.149479 0.433796 0.038542 0.067593
7 0.113542 0.431481 0.032292 0.079630
1 0.216667 0.724537 0.384375 0.550926
3 0.804948 0.500463 0.390104 0.999074
9 0.297656 0.214815 0.023438 0.031481
9 0.511719 0.111574 0.095312 0.043519
6 0.134635 0.441204 0.009896 0.043519
6 0.305990 0.432870 0.010937 0.026852
