14 0.172656 0.509722 0.110937 0.115741
7 0.294531 0.462500 0.018229 0.069444
6 0.547656 0.461574 0.017188 0.039815
6 0.563281 0.462500 0.017188 0.050926
6 0.612240 0.463426 0.013021 0.028704
6 0.620833 0.464352 0.008333 0.034259
6 0.523958 0.595370 0.036458 0.118519
8 0.524740 0.483796 0.039062 0.125000
1 0.420052 0.628241 0.196354 0.434259
6 0.755990 0.586574 0.086979 0.160185
8 0.759115 0.537500 0.058854 0.175000
6 0.928906 0.801389 0.142187 0.395370
8 0.920052 0.603241 0.089063 0.258333
8 0.951823 0.716667 0.096354 0.461111
14 0.313802 0.482407 0.041146 0.074074
10 0.540885 0.438889 0.017188 0.024074
