4 0.469531 0.464583 0.014063 0.023611
1 0.457813 0.459722 0.007812 0.019444
3 0.445703 0.463194 0.024219 0.054167
7 0.426563 0.466667 0.006250 0.036111
6 0.434375 0.480556 0.010937 0.027778
4 0.478125 0.461111 0.010937 0.019444
4 0.484766 0.463194 0.011719 0.018056
4 0.502734 0.460417 0.019531 0.018056
4 0.546094 0.470139 0.018750 0.012500
1 0.530859 0.463889 0.016406 0.022222
4 0.608203 0.479167 0.053906 0.038889
4 0.802344 0.515972 0.142187 0.095833
10 0.930078 0.497222 0.025781 0.166667
8 0.491406 0.486806 0.015625 0.048611
6 0.493359 0.495833 0.014844 0.047222
6 0.465625 0.534028 0.031250 0.090278
8 0.465234 0.516667 0.027344 0.100000
6 0.350000 0.475000 0.010937 0.019444
6 0.325391 0.486111 0.017969 0.016667
6 0.292187 0.496528 0.018750 0.026389
6 0.246484 0.512500 0.022656 0.033333
6 0.225391 0.513889 0.027344 0.058333
6 0.195703 0.525000 0.038281 0.050000
6 0.150781 0.497222 0.037500 0.047222
6 0.112891 0.496528 0.044531 0.051389
6 0.051562 0.519444 0.054688 0.066667
6 0.023438 0.541667 0.045312 0.069444
6 0.034766 0.577083 0.067969 0.059722
6 0.026172 0.598611 0.050781 0.061111
6 0.073438 0.567361 0.076563 0.081944
6 0.165234 0.536111 0.042969 0.047222
6 0.134375 0.541667 0.048438 0.061111
