14 0.528516 0.473611 0.011719 0.011111
14 0.514062 0.468750 0.017188 0.020833
14 0.498828 0.478472 0.014844 0.015278
14 0.544141 0.479167 0.014844 0.016667
14 0.558203 0.475694 0.017969 0.012500
4 0.594922 0.495833 0.033594 0.047222
4 0.689063 0.521528 0.075000 0.115278
7 0.771875 0.509028 0.017188 0.118056
4 0.948828 0.512500 0.102344 0.075000
4 0.873047 0.644444 0.253906 0.291667
1 0.649219 0.535417 0.065625 0.129167
4 0.512109 0.494444 0.022656 0.036111
4 0.526563 0.492361 0.039062 0.029167
4 0.569531 0.494444 0.051562 0.030556
1 0.475000 0.486806 0.025000 0.043056
6 0.492969 0.542361 0.012500 0.043056
8 0.486328 0.488889 0.008594 0.025000
8 0.494141 0.511806 0.017969 0.062500
6 0.474219 0.558333 0.031250 0.083333
8 0.473047 0.534722 0.032031 0.119444
8 0.512500 0.525694 0.026562 0.087500
4 0.568359 0.609028 0.152344 0.209722
7 0.010156 0.700694 0.018750 0.398611
7 0.458984 0.490278 0.007031 0.047222
7 0.455469 0.490972 0.009375 0.054167
8 0.528906 0.475000 0.007812 0.008333
8 0.573438 0.475000 0.009375 0.008333
