14 0.495052 0.487500 0.006771 0.013889
13 0.499219 0.485185 0.005729 0.016667
13 0.509635 0.481481 0.019271 0.025926
3 0.582292 0.480556 0.029167 0.031481
4 0.572396 0.499074 0.011458 0.018519
3 0.622135 0.492593 0.047396 0.059259
7 0.665625 0.496759 0.006250 0.026852
7 0.715104 0.499537 0.005208 0.025000
6 0.663802 0.517130 0.009896 0.028704
8 0.663542 0.510648 0.008333 0.039815
4 0.701042 0.514815 0.050000 0.038889
14 0.586719 0.501389 0.019271 0.025000
4 0.605469 0.506019 0.020313 0.028704
8 0.613281 0.493519 0.004687 0.007407
6 0.621615 0.520833 0.009896 0.017593
6 0.631771 0.523611 0.008333 0.015741
8 0.620573 0.506944 0.004687 0.026852
8 0.629167 0.507407 0.008333 0.027778
8 0.624219 0.502778 0.004687 0.022222
4 0.764323 0.510185 0.029687 0.027778
7 0.751302 0.498148 0.005729 0.012963
6 0.747656 0.531019 0.020313 0.039815
8 0.757292 0.518519 0.007292 0.042593
8 0.749479 0.522222 0.010417 0.044444
1 0.977604 0.558333 0.040625 0.098148
8 0.977865 0.558333 0.016146 0.088889
8 0.985156 0.558333 0.017188 0.085185
6 0.972656 0.594907 0.020313 0.036111
8 0.990625 0.575000 0.018750 0.118519
4 0.465365 0.493519 0.007812 0.014815
14 0.474479 0.495833 0.007292 0.019444
8 0.481250 0.488426 0.004167 0.008333
8 0.460156 0.493519 0.005729 0.009259
8 0.432552 0.496759 0.007812 0.017593
4 0.457292 0.513426 0.031250 0.036111
4 0.484635 0.500926 0.018229 0.025926
4 0.506771 0.498611 0.034375 0.017593
8 0.487500 0.504630 0.006250 0.012963
8 0.458854 0.512037 0.013542 0.042593
4 0.485417 0.519907 0.045833 0.026852
4 0.508854 0.518056 0.066667 0.034259
8 0.437760 0.528704 0.025521 0.064815
4 0.396094 0.521296 0.048438 0.079630
4 0.407031 0.532870 0.050521 0.058333
8 0.404948 0.530556 0.026562 0.059259
4 0.506771 0.643056 0.132292 0.223148
1 0.346615 0.526389 0.051562 0.065741
8 0.364844 0.489352 0.008854 0.013889
4 0.307031 0.505556 0.027604 0.025926
8 0.267448 0.503704 0.011979 0.031481
8 0.307552 0.500000 0.007812 0.022222
8 0.278385 0.509259 0.009896 0.014815
8 0.302865 0.506944 0.008854 0.017593
8 0.313802 0.509259 0.008854 0.014815
8 0.357031 0.534722 0.027604 0.063889
6 0.358594 0.544907 0.027604 0.039815
4 0.301302 0.563889 0.082812 0.096296
9 0.257292 0.399537 0.011458 0.045370
10 0.570312 0.428704 0.013542 0.029630
10 0.757031 0.314352 0.038021 0.054630
3 0.140365 0.587500 0.279687 0.532407
4 0.077344 0.884259 0.153646 0.231481
4 0.384375 0.778241 0.376042 0.441667
10 0.437240 0.387500 0.026562 0.025000
9 0.461979 0.383333 0.009375 0.014815
14 0.542969 0.513889 0.015104 0.031481
10 0.532813 0.466667 0.009375 0.016667
6 0.904687 0.501852 0.039583 0.035185
6 0.969010 0.489352 0.016146 0.034259
6 0.988281 0.490278 0.018229 0.045370
9 0.330208 0.377778 0.007292 0.031481
10 0.330990 0.461111 0.006771 0.014815
10 0.570573 0.448148 0.013021 0.005556
10 0.554167 0.468056 0.009375 0.025000
14 0.530208 0.494907 0.022917 0.013889
4 0.880469 0.656481 0.233854 0.288889
