14 0.492188 0.468056 0.009375 0.011111
3 0.508203 0.463194 0.022656 0.023611
3 0.533203 0.479861 0.014844 0.034722
10 0.547656 0.461111 0.012500 0.016667
1 0.634766 0.497222 0.017969 0.027778
1 0.661719 0.504167 0.021875 0.027778
6 0.678125 0.511111 0.012500 0.019444
8 0.680469 0.504167 0.009375 0.022222
1 0.743750 0.518750 0.039062 0.040278
14 0.484375 0.472222 0.010937 0.008333
14 0.495312 0.477778 0.009375 0.016667
4 0.482422 0.484028 0.021094 0.023611
4 0.534375 0.502083 0.009375 0.048611
1 0.512891 0.518750 0.041406 0.095833
4 0.562500 0.500000 0.028125 0.041667
4 0.592578 0.513889 0.052344 0.083333
4 0.788672 0.627778 0.214844 0.211111
8 0.468359 0.476389 0.007031 0.008333
8 0.457031 0.477778 0.004687 0.008333
8 0.432812 0.493750 0.015625 0.051389
4 0.462891 0.544444 0.083594 0.130556
7 0.318359 0.499306 0.017969 0.098611
