14 0.497266 0.484722 0.003906 0.011111
14 0.508984 0.485417 0.011719 0.012500
4 0.514844 0.488889 0.012500 0.019444
4 0.530078 0.493056 0.021094 0.016667
4 0.566016 0.497917 0.022656 0.023611
8 0.546875 0.489583 0.018750 0.023611
14 0.678125 0.440972 0.128125 0.051389
4 0.723828 0.639583 0.307031 0.406944
14 0.489453 0.480556 0.003906 0.008333
8 0.491016 0.482639 0.002344 0.006944
14 0.483203 0.481250 0.005469 0.006944
6 0.491016 0.486111 0.002344 0.005556
7 0.476172 0.487500 0.005469 0.022222
14 0.476562 0.482639 0.009375 0.009722
4 0.469531 0.487500 0.009375 0.016667
4 0.465234 0.490278 0.008594 0.019444
4 0.456641 0.491667 0.016406 0.019444
4 0.435547 0.502778 0.027344 0.050000
4 0.384375 0.570139 0.089063 0.173611
4 0.251953 0.686806 0.291406 0.387500
4 0.519141 0.665972 0.232031 0.387500
8 0.698047 0.359722 0.024219 0.072222
8 0.652344 0.374306 0.020313 0.056944
