14 0.421484 0.472222 0.010156 0.013889
14 0.419922 0.474306 0.005469 0.015278
4 0.431250 0.479861 0.012500 0.020833
14 0.437109 0.470139 0.008594 0.012500
4 0.443750 0.478472 0.010937 0.015278
6 0.436328 0.495139 0.008594 0.020833
8 0.434766 0.486806 0.007031 0.026389
4 0.458594 0.481250 0.014063 0.020833
8 0.455469 0.481944 0.006250 0.013889
4 0.475391 0.491667 0.019531 0.033333
4 0.508984 0.500000 0.038281 0.058333
4 0.535547 0.486806 0.014844 0.015278
6 0.542969 0.498611 0.006250 0.011111
8 0.541406 0.490278 0.006250 0.016667
6 0.570703 0.500000 0.008594 0.022222
8 0.569531 0.488889 0.006250 0.025000
3 0.654687 0.468750 0.151562 0.131944
4 0.762891 0.500000 0.103906 0.047222
6 0.835938 0.545139 0.025000 0.043056
8 0.827344 0.515278 0.018750 0.038889
4 0.734375 0.695139 0.295312 0.376389
6 0.459766 0.529861 0.019531 0.056944
8 0.460938 0.512500 0.020313 0.075000
14 0.403516 0.470139 0.016406 0.031944
4 0.407422 0.486806 0.017969 0.026389
7 0.378906 0.481944 0.006250 0.027778
1 0.282031 0.648611 0.190625 0.347222
4 0.016797 0.689583 0.032031 0.156944
