4 0.387891 0.459028 0.010156 0.015278
4 0.400391 0.460417 0.013281 0.015278
4 0.433203 0.465972 0.017969 0.018056
4 0.417187 0.467361 0.018750 0.023611
4 0.455078 0.468056 0.022656 0.022222
4 0.474219 0.470139 0.017188 0.018056
4 0.491797 0.471528 0.019531 0.020833
4 0.554297 0.476389 0.019531 0.030556
4 0.569531 0.480556 0.014063 0.025000
6 0.642578 0.491667 0.010156 0.022222
8 0.642969 0.479167 0.007812 0.016667
6 0.575781 0.494444 0.009375 0.019444
8 0.575781 0.481944 0.007812 0.022222
4 0.603906 0.518056 0.062500 0.094444
8 0.473828 0.472222 0.008594 0.016667
4 0.524219 0.484722 0.053125 0.047222
8 0.533203 0.491667 0.016406 0.027778
8 0.523828 0.497222 0.011719 0.019444
4 0.397656 0.497222 0.020313 0.055556
8 0.424219 0.482639 0.010937 0.029167
8 0.426563 0.500694 0.018750 0.054167
6 0.423438 0.522222 0.012500 0.033333
4 0.459766 0.479861 0.024219 0.006944
6 0.403516 0.519444 0.014844 0.044444
8 0.405859 0.504167 0.019531 0.072222
4 0.367188 0.519444 0.060937 0.105556
4 0.458203 0.522917 0.083594 0.084722
8 0.305078 0.471528 0.008594 0.012500
4 0.358984 0.548611 0.055469 0.130556
4 0.258594 0.583333 0.171875 0.222222
4 0.501563 0.688194 0.237500 0.359722
4 0.795312 0.629167 0.357812 0.472222
4 0.153516 0.783333 0.305469 0.430556
9 0.423828 0.356250 0.014844 0.009722
10 0.400000 0.365972 0.023438 0.020833
9 0.322656 0.393056 0.009375 0.047222
9 0.328125 0.443056 0.009375 0.013889
7 0.446094 0.468750 0.010937 0.029167
4 0.375000 0.459722 0.014063 0.019444
