14 0.441797 0.481944 0.007031 0.016667
4 0.414844 0.485417 0.010937 0.020833
13 0.430469 0.487500 0.017188 0.038889
7 0.360938 0.486806 0.006250 0.026389
7 0.365234 0.486111 0.005469 0.025000
7 0.368750 0.486806 0.006250 0.020833
4 0.376563 0.491667 0.007812 0.030556
1 0.460156 0.497222 0.034375 0.097222
13 0.394531 0.490278 0.035937 0.091667
4 0.348438 0.502083 0.023438 0.043056
6 0.398047 0.530556 0.017969 0.041667
8 0.402344 0.508333 0.012500 0.052778
8 0.396875 0.506250 0.018750 0.054167
4 0.252734 0.521528 0.064844 0.073611
1 0.313672 0.540278 0.072656 0.136111
14 0.005469 0.527778 0.009375 0.044444
1 0.099609 0.648611 0.197656 0.344444
4 0.577734 0.491667 0.021094 0.030556
4 0.840625 0.538194 0.103125 0.087500
7 0.351562 0.480556 0.004687 0.011111
7 0.335156 0.476389 0.004687 0.011111
7 0.341016 0.476389 0.003906 0.008333
14 0.605859 0.502083 0.011719 0.012500
14 0.645312 0.486806 0.020313 0.026389
7 0.711719 0.482639 0.003125 0.020833
