4 0.477344 0.465972 0.010937 0.015278
4 0.522266 0.464583 0.007031 0.015278
14 0.528516 0.464583 0.005469 0.020833
7 0.553125 0.465278 0.004687 0.022222
3 0.581641 0.466667 0.039844 0.038889
6 0.546875 0.559028 0.026562 0.095833
8 0.546875 0.518750 0.025000 0.093056
1 0.652344 0.652083 0.200000 0.376389
4 0.864453 0.690278 0.269531 0.388889
6 0.937109 0.854861 0.125781 0.287500
6 0.482031 0.536806 0.020313 0.048611
8 0.488672 0.524306 0.022656 0.084722
6 0.502344 0.736111 0.071875 0.236111
8 0.502734 0.650694 0.077344 0.318056
1 0.450000 0.474306 0.010937 0.023611
4 0.445312 0.493056 0.029687 0.038889
7 0.065625 0.484028 0.009375 0.045833
4 0.115625 0.505556 0.078125 0.063889
14 0.179688 0.505556 0.042188 0.047222
14 0.155469 0.500000 0.010937 0.027778
4 0.242969 0.513194 0.073438 0.062500
7 0.311328 0.488194 0.010156 0.034722
7 0.306250 0.491667 0.015625 0.027778
4 0.307422 0.695139 0.271094 0.381944
6 0.112109 0.845139 0.221094 0.304167
8 0.105469 0.767361 0.200000 0.451389
10 0.875391 0.410417 0.094531 0.123611
9 0.289453 0.292361 0.024219 0.104167
10 0.414453 0.377778 0.042969 0.036111
7 0.380078 0.493056 0.007031 0.041667
7 0.385547 0.497222 0.010156 0.033333
7 0.371484 0.490972 0.007031 0.029167
4 0.966797 0.515972 0.032031 0.051389
14 0.921484 0.495139 0.028906 0.015278
14 0.515234 0.463194 0.007031 0.012500
14 0.545703 0.463194 0.011719 0.018056
