14 0.804297 0.465972 0.021094 0.023611
4 0.777734 0.492361 0.041406 0.054167
6 0.757031 0.501389 0.015625 0.036111
8 0.754687 0.481944 0.014063 0.033333
13 0.553516 0.465278 0.010156 0.027778
13 0.528906 0.474306 0.043750 0.070833
13 0.496094 0.481250 0.026562 0.065278
1 0.498047 0.495139 0.022656 0.045833
6 0.476953 0.501389 0.008594 0.022222
8 0.477734 0.490972 0.010156 0.026389
4 0.559766 0.488889 0.027344 0.025000
4 0.575781 0.489583 0.021875 0.029167
4 0.586719 0.483333 0.007812 0.013889
4 0.588672 0.487500 0.007031 0.008333
4 0.600391 0.483333 0.013281 0.019444
4 0.624219 0.515972 0.065625 0.090278
8 0.643750 0.472917 0.004687 0.009722
4 0.661328 0.495833 0.036719 0.044444
4 0.677734 0.481944 0.019531 0.025000
8 0.688672 0.474306 0.005469 0.012500
4 0.722266 0.495833 0.066406 0.072222
6 0.678906 0.581250 0.054688 0.112500
8 0.670703 0.543056 0.027344 0.133333
8 0.683203 0.535417 0.038281 0.118056
1 0.891797 0.653472 0.213281 0.384722
4 0.541016 0.610417 0.149219 0.248611
10 0.701562 0.189583 0.593750 0.170833
7 0.316406 0.448611 0.015625 0.055556
