14 0.498698 0.428704 0.005729 0.033333
3 0.583854 0.450000 0.168750 0.325926
6 0.761198 0.545370 0.017188 0.096296
8 0.371615 0.455556 0.010937 0.011111
7 0.172135 0.452778 0.008854 0.051852
2 0.272656 0.506481 0.047396 0.061111
8 0.273438 0.481944 0.021875 0.108333
8 0.308073 0.518981 0.044271 0.145370
6 0.308333 0.566204 0.045833 0.132407
10 0.333333 0.409259 0.009375 0.020370
1 0.431510 0.671759 0.216146 0.458333
6 0.184896 0.487963 0.032292 0.050000
8 0.180729 0.472222 0.014583 0.061111
8 0.147135 0.453241 0.008854 0.034259
9 0.160938 0.340741 0.009375 0.057407
9 0.163021 0.400463 0.009375 0.017593
6 0.137500 0.494444 0.013542 0.037037
13 0.045573 0.431481 0.071354 0.066667
8 0.063802 0.455093 0.013021 0.041667
8 0.075260 0.458796 0.011979 0.039815
6 0.082292 0.511574 0.059375 0.078704
8 0.086719 0.482870 0.022396 0.093519
7 0.110937 0.513889 0.035417 0.203704
7 0.159115 0.522222 0.041146 0.196296
7 0.215885 0.490278 0.031771 0.126852
8 0.247917 0.594907 0.086458 0.271296
6 0.240625 0.678704 0.112500 0.290741
10 0.021354 0.154167 0.012500 0.093519
9 0.086979 0.143981 0.032292 0.052778
9 0.075521 0.263889 0.046875 0.081481
10 0.074479 0.390741 0.021875 0.042593
9 0.442708 0.256019 0.040625 0.013889
9 0.051562 0.106481 0.063542 0.211111
3 0.869010 0.499537 0.261979 0.997222
7 0.698438 0.447222 0.008333 0.018519
7 0.214844 0.442593 0.007812 0.029630
8 0.759896 0.537500 0.010417 0.078704
