1 0.500781 0.482639 0.020313 0.037500
1 0.522656 0.502778 0.032813 0.072222
4 0.535156 0.465972 0.023438 0.018056
4 0.550000 0.493750 0.028125 0.051389
4 0.577734 0.468056 0.008594 0.013889
4 0.569922 0.466667 0.010156 0.016667
13 0.587500 0.460417 0.015625 0.023611
3 0.613281 0.468056 0.045312 0.041667
3 0.645703 0.462500 0.025781 0.033333
3 0.708203 0.478472 0.102344 0.123611
4 0.647656 0.508333 0.070312 0.069444
13 0.930469 0.511111 0.135937 0.263889
4 0.966797 0.801389 0.066406 0.300000
4 0.578906 0.501389 0.048438 0.061111
4 0.620703 0.578472 0.152344 0.218056
4 0.471484 0.503472 0.052344 0.087500
6 0.486719 0.572917 0.039062 0.104167
8 0.485156 0.528472 0.042188 0.134722
6 0.426953 0.559722 0.041406 0.108333
8 0.423828 0.531944 0.038281 0.113889
6 0.351172 0.754861 0.119531 0.270833
8 0.373828 0.629861 0.066406 0.254167
8 0.352734 0.652778 0.105469 0.305556
14 0.556641 0.464583 0.013281 0.006944
