3 0.501563 0.501852 0.010417 0.014815
3 0.507552 0.505093 0.007812 0.013889
3 0.520573 0.513426 0.019271 0.037963
4 0.529167 0.526389 0.014583 0.021296
4 0.559635 0.515741 0.045312 0.050000
4 0.570573 0.529630 0.051562 0.042593
4 0.593229 0.582870 0.050000 0.137963
4 0.661458 0.608796 0.138542 0.215741
4 0.736198 0.532870 0.028646 0.023148
8 0.753385 0.528704 0.011979 0.025926
7 0.815365 0.529630 0.009896 0.042593
7 0.839323 0.527778 0.008854 0.050000
7 0.896615 0.537963 0.015104 0.059259
14 0.921094 0.867593 0.157812 0.264815
3 0.487240 0.496759 0.023438 0.025000
3 0.469010 0.497222 0.013021 0.033333
3 0.433073 0.506944 0.073438 0.099074
4 0.426823 0.562037 0.027604 0.075926
4 0.484115 0.525000 0.057813 0.040741
4 0.504427 0.701389 0.220312 0.371296
3 0.200521 0.499537 0.400000 0.997222
4 0.412500 0.577778 0.035417 0.105556
