6 0.027734 0.648611 0.053906 0.161111
8 0.024609 0.587500 0.047656 0.194444
6 0.010547 0.688194 0.019531 0.156944
8 0.014844 0.799306 0.028125 0.109722
3 0.202344 0.432639 0.278125 0.504167
6 0.350000 0.531944 0.015625 0.047222
8 0.347656 0.511111 0.012500 0.077778
4 0.362109 0.477083 0.010156 0.012500
4 0.352344 0.476389 0.009375 0.013889
14 0.345313 0.474306 0.004687 0.009722
13 0.378516 0.488194 0.025781 0.037500
6 0.391797 0.488889 0.005469 0.013889
8 0.391016 0.482639 0.007031 0.023611
8 0.404297 0.479167 0.005469 0.016667
14 0.461719 0.477083 0.032813 0.012500
4 0.418359 0.493056 0.036719 0.044444
8 0.482031 0.475694 0.006250 0.009722
1 0.533594 0.500694 0.042188 0.062500
6 0.556250 0.523611 0.035937 0.052778
8 0.555469 0.506944 0.020313 0.066667
8 0.637109 0.495833 0.014844 0.052778
7 0.732422 0.511806 0.011719 0.051389
7 0.745703 0.502778 0.014844 0.072222
7 0.666406 0.522222 0.012500 0.038889
6 0.712109 0.534722 0.038281 0.063889
8 0.710547 0.511806 0.017969 0.068056
7 0.826953 0.503472 0.014844 0.081944
7 0.813672 0.507639 0.016406 0.079167
7 0.844531 0.503472 0.012500 0.076389
6 0.792578 0.538889 0.039844 0.055556
6 0.763281 0.574306 0.081250 0.115278
8 0.760938 0.538889 0.034375 0.130556
6 0.869531 0.541667 0.064062 0.069444
8 0.858984 0.526389 0.033594 0.100000
13 0.937500 0.520833 0.125000 0.105556
6 0.957422 0.569444 0.082031 0.088889
8 0.954297 0.535417 0.036719 0.118056
14 0.691406 0.532639 0.031250 0.043056
6 0.961719 0.663889 0.076563 0.194444
8 0.974609 0.646528 0.050781 0.181944
4 0.466797 0.545833 0.097656 0.136111
6 0.603125 0.688194 0.118750 0.240278
8 0.589453 0.608333 0.096094 0.261111
6 0.384375 0.615278 0.046875 0.147222
8 0.386328 0.563194 0.055469 0.162500
6 0.616797 0.517361 0.019531 0.037500
7 0.047266 0.482639 0.019531 0.104167
