8 0.246094 0.438889 0.006771 0.018519
8 0.253125 0.436111 0.006250 0.018519
8 0.261458 0.435185 0.009375 0.009259
3 0.332292 0.400463 0.142708 0.082407
4 0.434375 0.447685 0.046875 0.036111
14 0.410417 0.427778 0.012500 0.011111
8 0.519531 0.443981 0.007812 0.017593
8 0.534115 0.449074 0.011979 0.011111
8 0.525521 0.445833 0.008333 0.015741
4 0.611198 0.514815 0.144271 0.212963
4 0.409896 0.480556 0.058333 0.096296
4 0.503906 0.573611 0.220312 0.241667
14 0.116146 0.425463 0.015625 0.010185
3 0.131510 0.419444 0.018229 0.087037
3 0.191667 0.437963 0.107292 0.198148
4 0.269531 0.452315 0.028646 0.026852
4 0.311458 0.431944 0.048958 0.008333
8 0.269271 0.460648 0.013542 0.049074
8 0.263802 0.508796 0.019271 0.130556
6 0.267448 0.492593 0.009896 0.051852
8 0.253906 0.507870 0.024479 0.125000
6 0.258594 0.549074 0.018229 0.059259
8 0.238802 0.526389 0.048438 0.156481
6 0.234115 0.543981 0.044271 0.128704
8 0.188281 0.478704 0.038021 0.064815
6 0.185677 0.487963 0.044271 0.016667
14 0.115885 0.439352 0.015104 0.015741
14 0.096094 0.433796 0.009896 0.028704
8 0.117188 0.443056 0.006250 0.012037
7 0.095573 0.435185 0.007812 0.022222
8 0.123177 0.446296 0.006771 0.009259
8 0.149479 0.465278 0.025000 0.043519
8 0.105729 0.455556 0.009375 0.031481
8 0.126302 0.465278 0.024479 0.039815
8 0.112760 0.466204 0.017188 0.043519
8 0.090885 0.448611 0.009896 0.012037
8 0.075521 0.469444 0.016667 0.046296
8 0.060677 0.472685 0.027604 0.052778
8 0.092188 0.471759 0.029167 0.043519
8 0.031250 0.489352 0.021875 0.069444
8 0.016146 0.487037 0.030208 0.085185
4 0.123958 0.648611 0.246875 0.350926
4 0.027604 0.910185 0.054167 0.175926
8 0.014323 0.518519 0.027604 0.133333
1 0.333854 0.580556 0.133333 0.301852
3 0.701562 0.406019 0.253125 0.149074
4 0.757292 0.518519 0.132292 0.194444
4 0.821094 0.660648 0.356771 0.671296
6 0.461198 0.688426 0.129688 0.306481
8 0.435937 0.625000 0.079167 0.351852
8 0.475521 0.584722 0.097917 0.330556
