13 0.529427 0.549074 0.023438 0.027778
13 0.552865 0.549537 0.027604 0.013889
13 0.575781 0.551389 0.015104 0.026852
13 0.604167 0.540278 0.054167 0.075000
4 0.631250 0.586574 0.035417 0.045370
8 0.657292 0.556944 0.020833 0.025000
8 0.669792 0.556481 0.006250 0.011111
8 0.679688 0.552778 0.008333 0.018519
14 0.695833 0.553704 0.016667 0.016667
4 0.673698 0.628241 0.076563 0.137963
14 0.671094 0.554167 0.015104 0.013889
6 0.706250 0.685185 0.055208 0.135185
8 0.706510 0.650926 0.045312 0.159259
6 0.761198 0.855093 0.183854 0.287963
8 0.742708 0.786574 0.128125 0.395370
4 0.889062 0.796296 0.220833 0.407407
8 0.575521 0.568056 0.007292 0.013889
8 0.597396 0.567593 0.011458 0.016667
8 0.589063 0.569444 0.009375 0.014815
1 0.548438 0.613426 0.050000 0.115741
1 0.513281 0.577315 0.029687 0.041667
13 0.511458 0.554630 0.015625 0.012963
4 0.510677 0.612037 0.029687 0.088889
1 0.468229 0.630093 0.072917 0.156481
4 0.600000 0.658796 0.101042 0.176852
13 0.436198 0.555556 0.031771 0.035185
4 0.422396 0.590741 0.023958 0.044444
4 0.391667 0.629630 0.088542 0.120370
4 0.322656 0.625000 0.061979 0.090741
13 0.322917 0.561111 0.067708 0.096296
4 0.199740 0.764352 0.355729 0.399074
1 0.033594 0.637037 0.066146 0.100000
6 0.025260 0.738889 0.049479 0.192593
8 0.052604 0.626389 0.019792 0.075000
8 0.044531 0.637500 0.036979 0.082407
8 0.022917 0.687037 0.044792 0.203704
4 0.817969 0.587963 0.057813 0.064815
8 0.701562 0.556481 0.013542 0.022222
