6 0.101823 0.521296 0.088021 0.155556
6 0.419271 0.472685 0.055208 0.062037
7 0.587760 0.432870 0.009896 0.047222
6 0.605469 0.434259 0.009896 0.018519
7 0.612760 0.429630 0.003646 0.033333
7 0.617188 0.432407 0.006250 0.029630
6 0.628125 0.455556 0.015625 0.025926
8 0.626302 0.448148 0.008854 0.040741
8 0.630990 0.445833 0.013021 0.041667
6 0.649479 0.455093 0.011458 0.025000
8 0.649740 0.443056 0.015104 0.037963
14 0.660937 0.425000 0.025000 0.059259
4 0.683333 0.389815 0.004167 0.009259
13 0.690365 0.392130 0.008854 0.019444
14 0.701823 0.396759 0.007812 0.008333
14 0.714844 0.407870 0.010937 0.013889
4 0.714844 0.425926 0.014063 0.029630
6 0.732552 0.443519 0.006771 0.018519
8 0.732292 0.433333 0.007292 0.024074
4 0.781250 0.428241 0.008333 0.026852
6 0.792708 0.440278 0.004167 0.015741
8 0.791927 0.432870 0.003646 0.017593
6 0.781771 0.445833 0.004167 0.015741
8 0.781771 0.435648 0.004167 0.017593
1 0.809635 0.438426 0.018229 0.036111
14 0.701302 0.408333 0.009896 0.014815
4 0.702865 0.416667 0.007812 0.012963
4 0.694531 0.402315 0.005729 0.010185
14 0.689063 0.404167 0.006250 0.010185
14 0.683333 0.403241 0.006250 0.012037
8 0.677865 0.406944 0.003646 0.008333
6 0.705990 0.438889 0.002604 0.011111
8 0.704427 0.428241 0.004687 0.015741
4 0.685677 0.443519 0.043229 0.061111
6 0.601302 0.483796 0.022396 0.050926
8 0.598958 0.460185 0.018750 0.068519
4 0.659896 0.578704 0.147917 0.231481
4 0.847396 0.726852 0.304167 0.546296
10 0.641146 0.391667 0.018750 0.031481
7 0.634635 0.424537 0.005729 0.015741
6 0.640885 0.438426 0.006771 0.017593
8 0.640365 0.427778 0.005729 0.016667
