7 0.923047 0.504167 0.017969 0.080556
4 0.450000 0.477778 0.021875 0.030556
4 0.425000 0.475000 0.018750 0.027778
13 0.491406 0.488889 0.042188 0.105556
7 0.350781 0.467361 0.006250 0.020833
7 0.337500 0.465278 0.006250 0.019444
4 0.361719 0.481250 0.020313 0.045833
13 0.392969 0.480556 0.046875 0.113889
6 0.412891 0.523611 0.024219 0.072222
8 0.417578 0.487500 0.013281 0.038889
8 0.409766 0.503472 0.022656 0.068056
10 0.198828 0.383333 0.013281 0.030556
10 0.197266 0.411806 0.016406 0.009722
4 0.218359 0.516667 0.074219 0.091667
1 0.293750 0.543056 0.098437 0.169444
7 0.137500 0.470139 0.015625 0.037500
4 0.104688 0.547222 0.148438 0.141667
14 0.467578 0.471528 0.008594 0.023611
14 0.598047 0.496528 0.027344 0.037500
14 0.620313 0.507639 0.035937 0.040278
