7 0.413281 0.478472 0.007812 0.043056
7 0.422266 0.477083 0.008594 0.037500
4 0.472266 0.475694 0.021094 0.034722
4 0.501563 0.468750 0.017188 0.026389
4 0.508984 0.475000 0.027344 0.025000
4 0.487500 0.470833 0.015625 0.025000
3 0.465234 0.450694 0.010156 0.015278
3 0.481641 0.452083 0.013281 0.020833
3 0.539062 0.461806 0.040625 0.051389
7 0.427344 0.481250 0.006250 0.031944
4 0.557422 0.497917 0.057031 0.081944
4 0.637109 0.488194 0.044531 0.031944
4 0.599609 0.476389 0.041406 0.025000
8 0.615625 0.477083 0.009375 0.020833
8 0.655078 0.477778 0.007031 0.016667
4 0.695312 0.525000 0.148438 0.111111
8 0.744922 0.463194 0.008594 0.015278
6 0.450391 0.486111 0.010156 0.025000
8 0.450391 0.472917 0.008594 0.026389
6 0.458594 0.502778 0.012500 0.027778
8 0.458203 0.485417 0.011719 0.043056
6 0.461719 0.517361 0.015625 0.043056
8 0.462891 0.498611 0.014844 0.058333
10 0.643750 0.396528 0.017188 0.029167
10 0.714063 0.384722 0.029687 0.033333
10 0.643359 0.417361 0.016406 0.015278
3 0.900781 0.452778 0.198437 0.186111
4 0.778516 0.735417 0.388281 0.501389
13 0.314453 0.438889 0.039844 0.030556
1 0.322656 0.461806 0.025000 0.026389
8 0.319141 0.465972 0.013281 0.026389
8 0.287891 0.463889 0.011719 0.019444
4 0.503906 0.520139 0.056250 0.081944
10 0.434766 0.388194 0.021094 0.018056
14 0.453516 0.451389 0.013281 0.016667
6 0.522266 0.469444 0.005469 0.019444
8 0.519531 0.457639 0.006250 0.015278
14 0.459375 0.462500 0.010937 0.016667
