4 0.588021 0.525463 0.005208 0.025000
4 0.601562 0.517593 0.031250 0.053704
6 0.604167 0.482407 0.011458 0.018519
6 0.613021 0.481019 0.008333 0.021296
6 0.623437 0.484722 0.011458 0.023148
6 0.630729 0.482407 0.008333 0.025926
6 0.642448 0.487037 0.009896 0.016667
6 0.656771 0.484259 0.008333 0.024074
6 0.670833 0.485185 0.007292 0.025926
6 0.682813 0.483333 0.008333 0.020370
6 0.695052 0.481481 0.005729 0.016667
9 0.863802 0.343056 0.023438 0.012037
10 0.838281 0.368519 0.028646 0.035185
4 0.888542 0.497685 0.012500 0.012037
14 0.901563 0.496759 0.009375 0.017593
4 0.886458 0.522685 0.013542 0.041667
14 0.973698 0.501852 0.016146 0.011111
4 0.901042 0.526852 0.032292 0.062963
6 0.899219 0.550926 0.011979 0.044444
8 0.900000 0.521296 0.014583 0.042593
6 0.892448 0.544907 0.006771 0.036111
8 0.891406 0.524074 0.008854 0.040741
4 0.934635 0.540278 0.065104 0.084259
4 0.981510 0.521296 0.036979 0.031481
4 0.963802 0.520833 0.060937 0.013889
8 0.975260 0.516667 0.013021 0.011111
4 0.943490 0.618981 0.104688 0.195370
4 0.970573 0.696296 0.058854 0.346296
4 0.982031 0.849537 0.035937 0.300926
9 0.600260 0.376852 0.010937 0.057407
9 0.606510 0.437037 0.011979 0.018519
9 0.727604 0.430093 0.007292 0.032407
1 0.619792 0.515278 0.036458 0.049074
8 0.667188 0.521759 0.019792 0.037963
8 0.676042 0.529167 0.013542 0.021296
6 0.640885 0.529167 0.023438 0.025000
8 0.641146 0.518056 0.013542 0.037963
4 0.786458 0.545370 0.060417 0.101852
13 0.848958 0.523148 0.073958 0.181481
6 0.860677 0.601852 0.043229 0.116667
8 0.859375 0.571759 0.033333 0.125000
1 0.747396 0.577315 0.070833 0.152778
4 0.647135 0.687037 0.254688 0.357407
2 0.346094 0.729167 0.140104 0.213889
8 0.355208 0.623148 0.079167 0.244444
4 0.083073 0.736574 0.165104 0.526852
10 0.705208 0.467130 0.016667 0.032407
