13 0.347135 0.450926 0.021354 0.035185
13 0.372135 0.457870 0.035937 0.097222
13 0.397135 0.459259 0.019271 0.061111
13 0.425000 0.461111 0.045833 0.096296
8 0.455990 0.475926 0.005729 0.020370
6 0.455469 0.503704 0.007812 0.044444
13 0.486979 0.489815 0.058333 0.112963
6 0.445312 0.501852 0.021875 0.057407
8 0.443750 0.492130 0.021875 0.067593
7 0.562500 0.486574 0.010417 0.060185
7 0.570573 0.512963 0.018229 0.083333
6 0.377083 0.495370 0.021875 0.061111
8 0.377865 0.485648 0.019271 0.075000
6 0.400260 0.505093 0.023438 0.062037
8 0.395313 0.495370 0.022917 0.077778
6 0.421875 0.503704 0.026042 0.064815
8 0.419792 0.497685 0.023958 0.078704
7 0.741667 0.488426 0.016667 0.095370
7 0.793490 0.490278 0.011979 0.089815
7 0.822135 0.495370 0.016146 0.094444
8 0.850000 0.528241 0.011458 0.076852
6 0.839844 0.592130 0.036979 0.093519
13 0.925521 0.527778 0.148958 0.450000
6 0.779687 0.793981 0.291667 0.360185
8 0.772917 0.688889 0.110417 0.425926
8 0.711458 0.685648 0.085417 0.443519
8 0.660677 0.672222 0.077604 0.431481
9 0.954167 0.072685 0.044792 0.054630
10 0.929427 0.153704 0.031771 0.094444
1 0.333333 0.454167 0.014583 0.028704
8 0.313802 0.462500 0.009896 0.034259
14 0.320052 0.449537 0.015104 0.026852
6 0.315625 0.471296 0.014583 0.038889
6 0.357031 0.493056 0.013021 0.054630
8 0.355990 0.488426 0.016146 0.075000
8 0.349479 0.492593 0.014583 0.077778
6 0.350521 0.502778 0.013542 0.059259
7 0.336198 0.495370 0.010937 0.105556
6 0.324219 0.496759 0.019271 0.058333
8 0.323958 0.489815 0.015625 0.074074
7 0.342708 0.499537 0.035417 0.104630
7 0.291406 0.473611 0.006771 0.049074
6 0.303385 0.482870 0.019271 0.032407
8 0.304167 0.473148 0.007292 0.040741
6 0.277604 0.490741 0.021875 0.061111
8 0.278906 0.475926 0.018229 0.062963
7 0.249219 0.482870 0.013021 0.071296
6 0.223958 0.523148 0.031250 0.079630
8 0.229948 0.494907 0.017188 0.095370
8 0.220573 0.495833 0.031771 0.097222
6 0.095573 0.495833 0.027604 0.058333
8 0.088021 0.479167 0.012500 0.067593
6 0.075000 0.494907 0.030208 0.062037
8 0.067448 0.479630 0.019271 0.074074
1 0.045052 0.476852 0.038021 0.072222
6 0.055208 0.501389 0.023958 0.056481
1 0.012240 0.464815 0.022396 0.046296
7 0.002865 0.476852 0.005729 0.055556
7 0.011979 0.469907 0.017708 0.052778
8 0.060156 0.591667 0.039062 0.187037
8 0.035677 0.565741 0.070312 0.237037
6 0.041667 0.641204 0.082292 0.189815
9 0.242448 0.171296 0.044271 0.024074
9 0.211458 0.172685 0.017708 0.021296
10 0.193229 0.210185 0.047917 0.053704
9 0.148698 0.406019 0.009896 0.017593
8 0.045573 0.468519 0.011979 0.048148
9 0.138802 0.407870 0.009896 0.019444
