6 0.117578 0.584028 0.078906 0.151389
4 0.271484 0.566667 0.199219 0.227778
8 0.347656 0.486806 0.009375 0.029167
8 0.358594 0.498611 0.015625 0.038889
6 0.363672 0.512500 0.010156 0.027778
4 0.391016 0.497222 0.041406 0.044444
4 0.403516 0.530556 0.064844 0.102778
1 0.441797 0.514583 0.035156 0.084722
1 0.457813 0.507639 0.014063 0.070833
6 0.478516 0.530556 0.019531 0.055556
8 0.477734 0.515972 0.021094 0.073611
14 0.474219 0.472917 0.010937 0.018056
1 0.487891 0.471528 0.028906 0.009722
1 0.509766 0.513194 0.036719 0.079167
4 0.484375 0.506250 0.017188 0.065278
7 0.499609 0.465972 0.008594 0.012500
6 0.531641 0.496528 0.014844 0.020833
8 0.528516 0.483333 0.005469 0.025000
6 0.546094 0.478472 0.004687 0.015278
8 0.546484 0.469444 0.005469 0.013889
6 0.560156 0.494444 0.020313 0.027778
8 0.560937 0.486806 0.009375 0.043056
1 0.582031 0.488889 0.037500 0.041667
6 0.616797 0.490972 0.017969 0.023611
8 0.623437 0.481944 0.004687 0.030556
8 0.617188 0.483333 0.006250 0.030556
4 0.663281 0.495833 0.051562 0.036111
7 0.672656 0.496528 0.007812 0.054167
7 0.694141 0.502778 0.007031 0.052778
1 0.778906 0.558333 0.098437 0.166667
6 0.871875 0.563889 0.029687 0.075000
7 0.873437 0.575694 0.018750 0.126389
6 0.902734 0.558333 0.030469 0.094444
6 0.915625 0.561806 0.028125 0.098611
6 0.945312 0.602083 0.068750 0.106944
8 0.933984 0.577083 0.032031 0.123611
6 0.982422 0.574306 0.030469 0.104167
7 0.698047 0.497222 0.005469 0.041667
7 0.719531 0.486806 0.006250 0.009722
14 0.709766 0.515972 0.025781 0.040278
6 0.725391 0.536111 0.019531 0.052778
8 0.728125 0.518750 0.015625 0.070833
7 0.055469 0.506944 0.021875 0.116667
9 0.376953 0.371528 0.013281 0.031944
10 0.333203 0.346528 0.013281 0.031944
10 0.299219 0.406250 0.015625 0.029167
10 0.324219 0.431250 0.021875 0.034722
8 0.945312 0.573611 0.025000 0.122222
7 0.529297 0.497222 0.010156 0.055556
7 0.518359 0.466667 0.010156 0.022222
6 0.543359 0.472222 0.005469 0.016667
8 0.542969 0.465972 0.006250 0.020833
14 0.448047 0.465972 0.025781 0.012500
14 0.466016 0.472917 0.010156 0.015278
