1 0.347266 0.483333 0.019531 0.044444
1 0.362109 0.474306 0.013281 0.026389
3 0.422266 0.450000 0.069531 0.072222
4 0.522656 0.488194 0.039062 0.070833
1 0.552344 0.533333 0.060937 0.133333
4 0.618750 0.501389 0.085938 0.069444
4 0.480859 0.509028 0.046094 0.073611
4 0.587500 0.485417 0.032813 0.054167
4 0.669922 0.488889 0.035156 0.038889
4 0.712500 0.476389 0.026562 0.025000
4 0.796875 0.501389 0.046875 0.058333
1 0.758984 0.504167 0.047656 0.080556
4 0.906641 0.519444 0.057031 0.066667
1 0.851953 0.518750 0.064844 0.098611
7 0.857812 0.571528 0.034375 0.179167
7 0.664453 0.489583 0.014844 0.048611
6 0.696484 0.504167 0.032031 0.038889
8 0.686719 0.486111 0.010937 0.052778
8 0.695703 0.490972 0.013281 0.051389
7 0.730859 0.480556 0.008594 0.030556
6 0.731250 0.500000 0.009375 0.022222
7 0.335156 0.477083 0.007812 0.037500
7 0.329688 0.482639 0.010937 0.051389
7 0.316797 0.481250 0.010156 0.059722
7 0.378906 0.462500 0.006250 0.013889
4 0.411328 0.503472 0.035156 0.068056
4 0.381641 0.524306 0.072656 0.104167
8 0.487500 0.468056 0.006250 0.008333
8 0.495703 0.472917 0.007031 0.020833
4 0.454688 0.565278 0.100000 0.163889
4 0.665234 0.670833 0.275781 0.341667
4 0.976172 0.777083 0.047656 0.218056
7 0.234766 0.523611 0.028906 0.158333
6 0.303516 0.544444 0.033594 0.086111
8 0.303125 0.495833 0.007812 0.022222
8 0.298828 0.525694 0.030469 0.106944
6 0.278906 0.688194 0.115625 0.262500
8 0.297266 0.623611 0.060156 0.238889
8 0.262500 0.604167 0.090625 0.255556
10 0.707031 0.364583 0.020313 0.026389
7 0.030078 0.581944 0.058594 0.341667
14 0.333203 0.461111 0.017969 0.016667
14 0.353906 0.456944 0.018750 0.011111
