6 0.635156 0.509722 0.012500 0.019444
6 0.652734 0.509028 0.019531 0.026389
6 0.671094 0.511806 0.012500 0.029167
6 0.685937 0.515278 0.020313 0.036111
7 0.664453 0.491667 0.010156 0.036111
6 0.761719 0.577778 0.051562 0.111111
8 0.748437 0.544444 0.017188 0.102778
8 0.761328 0.546528 0.022656 0.115278
6 0.797656 0.547917 0.025000 0.073611
6 0.815234 0.546528 0.039844 0.065278
6 0.832031 0.550000 0.037500 0.072222
6 0.850391 0.559722 0.046094 0.063889
6 0.888672 0.563889 0.050781 0.086111
6 0.921484 0.570139 0.044531 0.090278
6 0.949609 0.577083 0.041406 0.106944
6 0.971484 0.581250 0.042969 0.104167
6 0.983203 0.588889 0.030469 0.100000
7 0.971094 0.514583 0.020313 0.073611
7 0.690625 0.639583 0.050000 0.348611
7 0.728906 0.676389 0.050000 0.338889
4 0.441406 0.481944 0.015625 0.033333
4 0.422656 0.490278 0.020313 0.027778
4 0.416797 0.506944 0.021094 0.055556
6 0.411328 0.542361 0.017969 0.070833
8 0.412109 0.534722 0.016406 0.091667
1 0.301563 0.533333 0.051562 0.122222
1 0.356250 0.577778 0.101562 0.200000
6 0.260547 0.553472 0.021094 0.065278
7 0.234766 0.517361 0.021094 0.093056
7 0.193359 0.534722 0.016406 0.125000
14 0.212109 0.565278 0.075781 0.083333
7 0.127734 0.567361 0.035156 0.190278
6 0.007812 0.546528 0.014063 0.065278
7 0.052734 0.534028 0.032031 0.143056
7 0.082031 0.568056 0.034375 0.202778
8 0.597656 0.477778 0.007812 0.022222
6 0.602344 0.493750 0.010937 0.026389
7 0.790234 0.490972 0.008594 0.026389
7 0.727344 0.493750 0.009375 0.029167
14 0.540625 0.490972 0.018750 0.031944
14 0.459375 0.488889 0.012500 0.022222
