13 0.426563 0.471528 0.028125 0.045833
4 0.508594 0.473611 0.021875 0.019444
1 0.561719 0.514583 0.051562 0.095833
2 0.633984 0.546528 0.030469 0.068056
1 0.789062 0.600000 0.153125 0.233333
7 0.908594 0.659028 0.042188 0.256944
6 0.366016 0.506944 0.027344 0.058333
6 0.359375 0.533333 0.023438 0.066667
13 0.466797 0.468750 0.047656 0.095833
14 0.624609 0.510417 0.049219 0.090278
4 0.130859 0.532639 0.139844 0.131944
1 0.294922 0.597917 0.133594 0.279167
4 0.507812 0.611806 0.175000 0.295833
4 0.435547 0.464583 0.010156 0.018056
