13 0.808073 0.483796 0.027604 0.026852
1 0.830208 0.520370 0.012500 0.042593
1 0.839323 0.526852 0.011979 0.053704
4 0.810156 0.529630 0.053646 0.074074
14 0.900781 0.500926 0.013021 0.011111
13 0.921354 0.495833 0.013542 0.015741
4 0.901563 0.519444 0.015625 0.040741
14 0.938021 0.497685 0.009375 0.004630
8 0.981771 0.503241 0.005208 0.010185
8 0.962240 0.503241 0.005729 0.008333
4 0.976302 0.513889 0.032813 0.014815
10 0.991406 0.493519 0.008854 0.014815
10 0.991667 0.465741 0.013542 0.025926
10 0.991667 0.481944 0.008333 0.006481
13 0.868229 0.515278 0.054167 0.132407
4 0.928646 0.547685 0.066667 0.097222
6 0.867188 0.566204 0.023958 0.078704
8 0.868750 0.543056 0.023958 0.078704
6 0.750521 0.521759 0.012500 0.019444
8 0.754948 0.511111 0.016146 0.035185
1 0.789062 0.513426 0.053125 0.034259
6 0.610677 0.481481 0.020313 0.025926
6 0.633594 0.484722 0.008854 0.028704
6 0.645573 0.486111 0.010937 0.029630
6 0.662240 0.483796 0.017188 0.028704
6 0.679167 0.482870 0.022917 0.028704
9 0.845573 0.340741 0.024479 0.012963
10 0.819271 0.364815 0.030208 0.037037
6 0.726823 0.564352 0.007812 0.021296
8 0.733594 0.529167 0.018229 0.050926
6 0.709115 0.562963 0.028646 0.075926
8 0.709375 0.539352 0.023958 0.071296
8 0.710417 0.533796 0.027083 0.078704
4 0.778125 0.604167 0.128125 0.187963
7 0.635677 0.526852 0.014063 0.085185
4 0.441667 0.724537 0.416667 0.550926
8 0.991406 0.518981 0.014063 0.012037
4 0.956771 0.579167 0.086458 0.128704
4 0.954688 0.633333 0.090625 0.218519
7 0.931510 0.496759 0.004687 0.008333
9 0.578125 0.365278 0.013542 0.062037
