10 0.474219 0.438194 0.012500 0.012500
14 0.489844 0.466667 0.007812 0.013889
4 0.480469 0.471528 0.009375 0.012500
14 0.490625 0.480556 0.007812 0.016667
14 0.496094 0.469444 0.006250 0.008333
14 0.496484 0.481944 0.007031 0.016667
1 0.477734 0.490278 0.011719 0.022222
14 0.515625 0.480556 0.006250 0.019444
4 0.527344 0.481250 0.015625 0.018056
4 0.573438 0.538889 0.089063 0.125000
1 0.665234 0.507639 0.019531 0.034722
4 0.766406 0.539583 0.018750 0.051389
4 0.777734 0.540278 0.041406 0.058333
6 0.803906 0.546528 0.015625 0.031944
6 0.817969 0.550694 0.007812 0.023611
6 0.825391 0.550000 0.010156 0.027778
6 0.833594 0.552083 0.012500 0.029167
6 0.847656 0.556944 0.018750 0.027778
6 0.868750 0.559028 0.023438 0.029167
6 0.938281 0.561111 0.017188 0.044444
1 0.981250 0.590278 0.037500 0.125000
14 0.972656 0.525000 0.054688 0.133333
6 0.760547 0.561111 0.021094 0.063889
8 0.754297 0.531944 0.016406 0.069444
6 0.688672 0.727778 0.138281 0.313889
8 0.667578 0.636806 0.088281 0.290278
8 0.714844 0.642361 0.118750 0.304167
6 0.489453 0.521528 0.019531 0.054167
8 0.488672 0.507639 0.019531 0.059722
4 0.462500 0.488889 0.012500 0.019444
6 0.465234 0.505556 0.007031 0.016667
8 0.464453 0.492361 0.010156 0.029167
14 0.434375 0.489583 0.004687 0.031944
1 0.422656 0.493750 0.021875 0.051389
7 0.400781 0.486111 0.006250 0.033333
6 0.360156 0.496528 0.021875 0.031944
6 0.346094 0.500000 0.018750 0.033333
7 0.381641 0.533333 0.021094 0.108333
7 0.244531 0.480556 0.021875 0.038889
6 0.053125 0.604861 0.104688 0.156944
4 0.218750 0.660417 0.270313 0.318056
10 0.159375 0.209028 0.042188 0.095833
10 0.156250 0.286111 0.042188 0.047222
7 0.407422 0.500000 0.005469 0.016667
14 0.445703 0.488889 0.010156 0.016667
6 0.885938 0.558333 0.023438 0.027778
14 0.454297 0.477778 0.008594 0.019444
14 0.537109 0.490972 0.013281 0.031944
14 0.520703 0.471528 0.010156 0.012500
