14 0.467578 0.454861 0.008594 0.020833
1 0.473047 0.463889 0.010156 0.022222
3 0.496875 0.454167 0.020313 0.038889
14 0.531641 0.456944 0.008594 0.016667
4 0.490234 0.465972 0.013281 0.023611
6 0.481250 0.485417 0.009375 0.020833
8 0.481641 0.469444 0.008594 0.022222
6 0.460547 0.491667 0.011719 0.027778
8 0.460547 0.477083 0.010156 0.034722
3 0.514844 0.458333 0.029687 0.061111
1 0.550781 0.474306 0.009375 0.031944
4 0.562109 0.474306 0.025781 0.029167
4 0.641406 0.494444 0.026562 0.044444
13 0.612109 0.478472 0.039844 0.084722
6 0.716797 0.514583 0.011719 0.034722
6 0.706250 0.522917 0.021875 0.054167
8 0.699609 0.502083 0.010156 0.048611
8 0.707812 0.504167 0.015625 0.055556
4 0.820703 0.553472 0.144531 0.134722
7 0.919922 0.540278 0.013281 0.094444
13 0.900781 0.800000 0.198437 0.400000
4 0.531250 0.486806 0.031250 0.056944
4 0.576562 0.509722 0.062500 0.086111
10 0.445312 0.425694 0.007812 0.015278
