14 0.435547 0.460417 0.025781 0.012500
14 0.544141 0.460417 0.055469 0.148611
7 0.412500 0.460417 0.007812 0.029167
8 0.465625 0.461111 0.004687 0.005556
7 0.571875 0.492361 0.010937 0.070833
4 0.422266 0.475000 0.021094 0.025000
6 0.417969 0.550694 0.010937 0.051389
8 0.417969 0.511111 0.018750 0.088889
1 0.475391 0.590278 0.119531 0.255556
7 0.346484 0.454167 0.011719 0.025000
4 0.369531 0.499306 0.034375 0.073611
7 0.356250 0.463889 0.009375 0.036111
7 0.404687 0.474306 0.012500 0.051389
6 0.389062 0.577083 0.034375 0.104167
8 0.394141 0.529167 0.036719 0.130556
4 0.309375 0.527083 0.121875 0.129167
4 0.140234 0.588194 0.255469 0.223611
4 0.068750 0.752083 0.135937 0.398611
14 0.466016 0.447917 0.027344 0.031944
14 0.496875 0.449306 0.029687 0.023611
14 0.592578 0.481944 0.014844 0.041667
14 0.620703 0.475694 0.017969 0.043056
14 0.604688 0.481944 0.020313 0.041667
6 0.603125 0.493056 0.015625 0.025000
8 0.602734 0.473611 0.010156 0.027778
3 0.794922 0.470139 0.133594 0.129167
13 0.725781 0.463889 0.056250 0.127778
6 0.798047 0.526389 0.014844 0.063889
6 0.764453 0.529167 0.046094 0.066667
6 0.826172 0.547917 0.055469 0.076389
8 0.802734 0.504167 0.014844 0.069444
8 0.810156 0.525694 0.017188 0.095833
8 0.761328 0.510417 0.024219 0.081944
8 0.825781 0.526389 0.020313 0.091667
3 0.980469 0.428472 0.039062 0.081944
4 0.928516 0.546528 0.142969 0.173611
