4 0.449609 0.486806 0.011719 0.051389
1 0.459375 0.468056 0.017188 0.022222
4 0.472266 0.480556 0.019531 0.025000
8 0.459375 0.483333 0.012500 0.050000
6 0.459375 0.511111 0.017188 0.041667
6 0.479297 0.527778 0.016406 0.050000
8 0.475781 0.508333 0.020313 0.086111
8 0.491016 0.494444 0.010156 0.061111
6 0.490234 0.515972 0.014844 0.045833
13 0.592187 0.474306 0.193750 0.420833
3 0.703906 0.475000 0.051562 0.100000
4 0.697656 0.527083 0.040625 0.087500
8 0.699219 0.542361 0.028125 0.098611
6 0.698438 0.568056 0.035937 0.102778
13 0.857812 0.500694 0.284375 0.998611
2 0.433984 0.524306 0.013281 0.056944
8 0.433594 0.495833 0.017188 0.080556
8 0.411719 0.483333 0.015625 0.066667
6 0.408984 0.506250 0.035156 0.056944
7 0.144531 0.497917 0.039062 0.162500
7 0.176172 0.469444 0.022656 0.083333
7 0.203516 0.462500 0.022656 0.072222
7 0.233203 0.465278 0.027344 0.047222
4 0.234375 0.645833 0.284375 0.325000
10 0.031641 0.240972 0.060156 0.165278
10 0.020313 0.349306 0.039062 0.073611
14 0.372656 0.486806 0.053125 0.059722
9 0.398438 0.302778 0.012500 0.025000
7 0.340625 0.497917 0.009375 0.026389
1 0.690625 0.498611 0.029687 0.044444
