6 0.013021 0.473148 0.025000 0.116667
1 0.120573 0.446759 0.086979 0.125000
3 0.432812 0.414352 0.069792 0.121296
4 0.352604 0.413426 0.014583 0.021296
7 0.257031 0.421296 0.011979 0.055556
7 0.227865 0.420370 0.010937 0.046296
6 0.245052 0.426389 0.023438 0.032407
14 0.335677 0.363426 0.056771 0.130556
14 0.302344 0.409259 0.025521 0.037037
1 0.393229 0.411574 0.011458 0.015741
1 0.380729 0.415278 0.017708 0.023148
3 0.476823 0.405556 0.025521 0.033333
1 0.470833 0.432870 0.015625 0.045370
4 0.484375 0.412037 0.014583 0.009259
1 0.485156 0.444444 0.023438 0.062963
4 0.503906 0.416204 0.011979 0.015741
1 0.496094 0.417130 0.013021 0.019444
4 0.508333 0.478704 0.057292 0.118519
4 0.629167 0.616204 0.244792 0.376852
4 0.380469 0.473148 0.072396 0.096296
6 0.337760 0.469444 0.027604 0.070370
8 0.335938 0.454167 0.019792 0.080556
7 0.352604 0.420833 0.007292 0.032407
6 0.304688 0.438426 0.016667 0.041667
8 0.303906 0.418519 0.011979 0.040741
8 0.302604 0.425463 0.013542 0.050926
7 0.191927 0.422222 0.009896 0.050000
7 0.184896 0.428704 0.013542 0.064815
14 0.157552 0.430556 0.031771 0.066667
14 0.515625 0.413426 0.013542 0.019444
8 0.395833 0.411111 0.005208 0.016667
6 0.257812 0.424537 0.027083 0.025000
6 0.198698 0.427778 0.023438 0.038889
2 0.189583 0.439352 0.022917 0.037963
8 0.004427 0.481019 0.007812 0.065741
14 0.495833 0.402315 0.008333 0.010185
