14 0.390234 0.464583 0.016406 0.031944
6 0.404297 0.484722 0.022656 0.027778
8 0.402734 0.479861 0.007031 0.054167
7 0.379297 0.468750 0.007031 0.054167
6 0.388281 0.479167 0.007812 0.030556
8 0.385937 0.461806 0.007812 0.020833
1 0.338672 0.520139 0.055469 0.137500
13 0.442188 0.459722 0.057813 0.094444
4 0.454688 0.563194 0.109375 0.176389
4 0.494531 0.485417 0.032813 0.056944
4 0.525781 0.504167 0.053125 0.083333
1 0.542188 0.481250 0.028125 0.048611
6 0.575781 0.468750 0.015625 0.031944
7 0.601953 0.471528 0.011719 0.020833
1 0.623047 0.471528 0.019531 0.026389
1 0.661719 0.473611 0.073438 0.022222
1 0.679688 0.520139 0.056250 0.101389
1 0.764453 0.577778 0.125781 0.219444
1 0.910156 0.641667 0.179688 0.336111
13 0.215625 0.465972 0.151562 0.268056
6 0.191406 0.652083 0.187500 0.223611
8 0.173437 0.591667 0.057813 0.244444
4 0.632422 0.583333 0.166406 0.205556
8 0.581641 0.459028 0.016406 0.031944
8 0.605078 0.472222 0.019531 0.022222
7 0.617969 0.470833 0.012500 0.025000
8 0.569531 0.484722 0.012500 0.027778
