14 0.587891 0.484722 0.014844 0.019444
4 0.606250 0.488194 0.015625 0.023611
4 0.697656 0.605556 0.231250 0.344444
8 0.595313 0.492361 0.009375 0.018056
8 0.591797 0.492361 0.007031 0.018056
8 0.605078 0.505556 0.013281 0.047222
6 0.583594 0.541667 0.028125 0.077778
8 0.583203 0.525000 0.025781 0.088889
14 0.522266 0.484722 0.010156 0.022222
6 0.526172 0.511806 0.011719 0.043056
8 0.527344 0.500000 0.014063 0.052778
13 0.707422 0.449306 0.069531 0.031944
4 0.811719 0.519444 0.028125 0.036111
4 0.841016 0.521528 0.042969 0.048611
7 0.873828 0.518750 0.007031 0.029167
7 0.896875 0.529167 0.006250 0.030556
7 0.886719 0.522917 0.010937 0.045833
14 0.574219 0.472917 0.025000 0.031944
