4 0.423438 0.481250 0.012500 0.018056
4 0.411719 0.489583 0.018750 0.048611
13 0.498437 0.474306 0.025000 0.048611
1 0.572266 0.483333 0.022656 0.033333
6 0.535156 0.495833 0.010937 0.025000
8 0.533984 0.484028 0.010156 0.031944
3 0.814844 0.487500 0.071875 0.075000
4 0.737891 0.502083 0.030469 0.045833
4 0.770703 0.504167 0.060156 0.052778
14 0.859375 0.501389 0.010937 0.052778
4 0.831250 0.509028 0.045312 0.054167
13 0.617578 0.521528 0.086719 0.120833
14 0.447656 0.475694 0.020313 0.018056
4 0.476562 0.504861 0.090625 0.054167
4 0.480078 0.552083 0.094531 0.126389
13 0.373047 0.468750 0.063281 0.106944
10 0.406641 0.381250 0.019531 0.020833
9 0.423438 0.367361 0.015625 0.009722
4 0.302734 0.551389 0.096094 0.138889
8 0.368750 0.508333 0.025000 0.050000
4 0.408984 0.726389 0.258594 0.419444
6 0.182422 0.589583 0.066406 0.126389
8 0.183594 0.552083 0.043750 0.156944
6 0.025781 0.710417 0.050000 0.218056
8 0.007031 0.701389 0.014063 0.172222
8 0.462891 0.475000 0.007031 0.011111
8 0.471094 0.474306 0.007812 0.009722
