10 0.471484 0.431944 0.100781 0.019444
10 0.472656 0.419444 0.020313 0.011111
10 0.445703 0.416667 0.017969 0.013889
4 0.448437 0.473611 0.004687 0.013889
4 0.443359 0.473611 0.005469 0.016667
3 0.425781 0.466667 0.032813 0.058333
10 0.349219 0.470139 0.120313 0.156944
13 0.262109 0.477083 0.011719 0.051389
13 0.247656 0.471528 0.017188 0.062500
4 0.123828 0.488889 0.036719 0.044444
8 0.096875 0.509722 0.018750 0.027778
6 0.030859 0.571528 0.060156 0.093056
6 0.021094 0.511111 0.032813 0.038889
7 0.279687 0.502778 0.010937 0.055556
4 0.200000 0.498611 0.129688 0.080556
4 0.137109 0.566667 0.253906 0.130556
8 0.357031 0.511806 0.020313 0.059722
14 0.469922 0.468056 0.010156 0.011111
14 0.496484 0.471528 0.007031 0.009722
3 0.483984 0.470833 0.017969 0.033333
4 0.466016 0.483333 0.024219 0.016667
1 0.493359 0.487500 0.013281 0.027778
4 0.512500 0.489583 0.020313 0.031944
6 0.505469 0.514583 0.010937 0.029167
8 0.503906 0.499306 0.012500 0.037500
4 0.431250 0.495833 0.037500 0.022222
4 0.473438 0.540278 0.054688 0.105556
4 0.400781 0.590278 0.132812 0.186111
4 0.205859 0.764583 0.410156 0.470833
4 0.544922 0.510417 0.038281 0.054167
3 0.643750 0.486111 0.032813 0.050000
3 0.694141 0.477778 0.021094 0.016667
4 0.711719 0.507639 0.037500 0.045833
6 0.715234 0.522222 0.016406 0.025000
8 0.714844 0.506944 0.009375 0.033333
6 0.808594 0.550694 0.034375 0.054167
8 0.808594 0.525694 0.018750 0.068056
4 0.915625 0.472917 0.015625 0.023611
4 0.958984 0.475000 0.019531 0.027778
6 0.776953 0.539583 0.039844 0.051389
8 0.786328 0.505556 0.013281 0.033333
4 0.610156 0.539583 0.106250 0.154167
6 0.767188 0.622917 0.081250 0.179167
8 0.761328 0.570139 0.053906 0.173611
6 0.580859 0.629167 0.047656 0.144444
8 0.572656 0.563194 0.031250 0.148611
8 0.570703 0.578472 0.028906 0.112500
8 0.585938 0.582639 0.068750 0.187500
4 0.975391 0.479167 0.014844 0.027778
4 0.974609 0.527083 0.042969 0.045833
4 0.919141 0.519444 0.022656 0.036111
