4 0.407813 0.463889 0.017188 0.016667
4 0.393359 0.463194 0.014844 0.018056
4 0.379688 0.461111 0.010937 0.016667
4 0.434375 0.465972 0.017188 0.018056
4 0.451953 0.468750 0.021094 0.020833
4 0.473828 0.469444 0.017969 0.022222
4 0.492578 0.472917 0.021094 0.023611
4 0.553125 0.477778 0.020313 0.030556
4 0.570312 0.481250 0.017188 0.026389
6 0.934766 0.548611 0.019531 0.038889
8 0.935547 0.535417 0.017969 0.062500
8 0.473828 0.475694 0.007031 0.018056
4 0.524609 0.490972 0.050781 0.056944
6 0.418750 0.490278 0.010937 0.011111
8 0.423047 0.481944 0.013281 0.027778
8 0.522656 0.488194 0.018750 0.034722
8 0.528906 0.495833 0.025000 0.036111
4 0.641797 0.535417 0.132031 0.204167
4 0.822266 0.753472 0.355469 0.470833
6 0.424609 0.522917 0.010156 0.031944
8 0.428516 0.493750 0.014844 0.040278
4 0.461328 0.527778 0.082031 0.080556
6 0.406641 0.513889 0.017969 0.058333
8 0.406250 0.505556 0.018750 0.072222
4 0.367188 0.517361 0.060937 0.101389
4 0.357812 0.550694 0.057813 0.140278
8 0.313672 0.474306 0.008594 0.012500
8 0.305078 0.472917 0.008594 0.015278
8 0.189453 0.502778 0.032031 0.077778
6 0.165234 0.590278 0.016406 0.047222
6 0.146484 0.579167 0.027344 0.050000
8 0.114844 0.531250 0.062500 0.123611
4 0.260156 0.593056 0.175000 0.244444
4 0.502734 0.685417 0.230469 0.359722
4 0.153125 0.784028 0.304688 0.431944
10 0.400000 0.366667 0.025000 0.030556
9 0.321094 0.389583 0.009375 0.059722
4 0.418750 0.463889 0.015625 0.019444
14 0.582031 0.484722 0.018750 0.036111
9 0.782422 0.427778 0.007031 0.033333
9 0.424219 0.355556 0.010937 0.008333
9 0.329297 0.441667 0.007031 0.011111
