1 0.121094 0.506250 0.085938 0.090278
7 0.220312 0.552778 0.031250 0.175000
6 0.493359 0.493750 0.008594 0.015278
8 0.492578 0.479167 0.005469 0.019444
14 0.556641 0.492361 0.014844 0.020833
14 0.569922 0.478472 0.021094 0.059722
1 0.649219 0.498611 0.023438 0.041667
7 0.642969 0.501389 0.007812 0.038889
1 0.659766 0.510417 0.027344 0.062500
1 0.676953 0.510417 0.021094 0.054167
1 0.694141 0.517361 0.021094 0.062500
1 0.718750 0.524306 0.035937 0.068056
1 0.745703 0.529861 0.025781 0.073611
1 0.785937 0.544444 0.065625 0.100000
7 0.696094 0.484028 0.004687 0.012500
1 0.462500 0.547222 0.062500 0.147222
1 0.359375 0.682639 0.193750 0.426389
7 0.962109 0.478472 0.016406 0.065278
7 0.920703 0.489583 0.011719 0.051389
7 0.930469 0.488194 0.014063 0.054167
