1 0.435547 0.484028 0.035156 0.031944
4 0.493750 0.466667 0.053125 0.025000
1 0.510938 0.704167 0.214062 0.475000
1 0.368359 0.580556 0.078906 0.216667
1 0.198437 0.736111 0.315625 0.527778
7 0.062109 0.569444 0.060156 0.263889
7 0.819922 0.532639 0.024219 0.120833
6 0.865234 0.525694 0.052344 0.068056
6 0.874219 0.555556 0.057813 0.108333
6 0.900391 0.572222 0.064844 0.086111
6 0.912109 0.522222 0.017969 0.044444
7 0.941797 0.556250 0.022656 0.104167
6 0.982422 0.593056 0.033594 0.125000
6 0.957812 0.576389 0.051562 0.058333
7 0.965625 0.498611 0.018750 0.077778
6 0.770312 0.532639 0.046875 0.059722
6 0.732422 0.524306 0.019531 0.045833
14 0.691797 0.509722 0.030469 0.033333
8 0.630859 0.499306 0.013281 0.026389
8 0.619531 0.490972 0.010937 0.034722
8 0.375781 0.470833 0.006250 0.013889
8 0.380078 0.468056 0.007031 0.011111
8 0.426172 0.486111 0.013281 0.025000
6 0.420312 0.502083 0.014063 0.029167
6 0.411719 0.470139 0.006250 0.029167
7 0.400781 0.462500 0.006250 0.022222
7 0.394531 0.468056 0.006250 0.013889
6 0.619531 0.497222 0.012500 0.022222
8 0.645312 0.501389 0.009375 0.027778
6 0.671484 0.526389 0.019531 0.027778
8 0.658594 0.501389 0.010937 0.030556
8 0.664844 0.504861 0.010937 0.029167
8 0.673828 0.506944 0.016406 0.022222
14 0.515625 0.447917 0.034375 0.037500
6 0.714844 0.511111 0.014063 0.027778
