13 0.474740 0.439352 0.014063 0.041667
13 0.458333 0.438426 0.019792 0.039815
13 0.434896 0.434259 0.030208 0.064815
13 0.424740 0.439815 0.038021 0.070370
8 0.463021 0.455093 0.007292 0.030556
6 0.464583 0.467130 0.005208 0.021296
6 0.458594 0.473148 0.009896 0.033333
8 0.459115 0.457407 0.010937 0.033333
14 0.491406 0.448148 0.021354 0.014815
9 0.578906 0.347685 0.010937 0.052778
10 0.569531 0.464815 0.007812 0.035185
4 0.498958 0.465278 0.015625 0.021296
8 0.525781 0.449074 0.004687 0.018519
2 0.524219 0.465741 0.005729 0.022222
8 0.523438 0.461574 0.005208 0.021296
8 0.498698 0.464352 0.015104 0.043519
6 0.499219 0.490278 0.014063 0.039815
6 0.448698 0.478704 0.017188 0.051852
8 0.450521 0.471296 0.017708 0.051852
6 0.487240 0.490278 0.014063 0.052778
8 0.488021 0.477315 0.015625 0.060185
6 0.477344 0.497222 0.022396 0.074074
8 0.478385 0.470370 0.025521 0.053704
8 0.478385 0.487037 0.029687 0.083333
7 0.403906 0.458333 0.007812 0.040741
8 0.395573 0.456019 0.008854 0.039815
1 0.347396 0.464352 0.028125 0.056481
4 0.376563 0.473611 0.044792 0.063889
6 0.421615 0.497222 0.025521 0.079630
8 0.422396 0.479167 0.031250 0.076852
6 0.259896 0.475926 0.031250 0.040741
8 0.257031 0.462500 0.018229 0.049074
7 0.199740 0.478704 0.011979 0.044444
8 0.223698 0.472685 0.022396 0.075000
6 0.251302 0.496759 0.046354 0.050926
8 0.244792 0.483796 0.017708 0.075000
9 0.072135 0.145833 0.032813 0.036111
10 0.099219 0.203241 0.043229 0.075000
9 0.120833 0.354167 0.012500 0.058333
9 0.124740 0.401389 0.007812 0.015741
9 0.134635 0.401852 0.010937 0.016667
8 0.162500 0.456944 0.014583 0.049074
7 0.095833 0.471759 0.016667 0.054630
7 0.059896 0.475926 0.008333 0.055556
3 0.027865 0.439815 0.055729 0.161111
2 0.173958 0.578241 0.056250 0.147222
8 0.178906 0.507407 0.044271 0.159259
3 0.824479 0.451389 0.072917 0.052778
7 0.782292 0.486574 0.014583 0.052778
7 0.681250 0.474537 0.007292 0.049074
7 0.673177 0.478704 0.008854 0.050000
10 0.675781 0.406481 0.021354 0.020370
1 0.630729 0.523611 0.081250 0.178704
4 0.900000 0.700000 0.200000 0.472222
4 0.047396 0.839352 0.093750 0.313889
7 0.364844 0.443519 0.004687 0.016667
