3 0.454688 0.402315 0.016667 0.025000
3 0.457292 0.411111 0.013542 0.031481
4 0.454688 0.416667 0.013542 0.014815
14 0.464583 0.395833 0.004167 0.010185
13 0.474219 0.403704 0.011979 0.024074
14 0.466667 0.406481 0.006250 0.005556
14 0.466406 0.414352 0.005729 0.015741
4 0.473958 0.415741 0.011458 0.018519
14 0.476042 0.416667 0.013542 0.016667
4 0.485156 0.410648 0.013021 0.006481
4 0.495833 0.418519 0.025000 0.016667
4 0.484896 0.419907 0.007292 0.012037
7 0.508333 0.416667 0.006250 0.014815
7 0.505469 0.411111 0.002604 0.005556
7 0.502604 0.410648 0.002083 0.002778
4 0.516927 0.421759 0.016146 0.017593
13 0.540885 0.422685 0.044271 0.041667
4 0.553125 0.492593 0.066667 0.122222
1 0.601042 0.462963 0.053125 0.077778
6 0.590625 0.481019 0.028125 0.056481
6 0.604167 0.482407 0.022917 0.064815
7 0.592187 0.464352 0.017708 0.097222
4 0.659375 0.515741 0.107292 0.153704
7 0.629948 0.503704 0.041146 0.188889
8 0.758333 0.454167 0.023958 0.047222
4 0.828906 0.607870 0.234896 0.280556
7 0.853385 0.473611 0.014063 0.019444
7 0.718229 0.569444 0.053125 0.244444
4 0.444010 0.409259 0.009896 0.005556
8 0.448958 0.418056 0.006250 0.017593
7 0.443750 0.412500 0.004167 0.015741
6 0.441667 0.425000 0.006250 0.007407
8 0.440365 0.416204 0.006771 0.015741
4 0.433854 0.418519 0.006250 0.018519
8 0.430469 0.407407 0.002604 0.009259
8 0.430208 0.412037 0.002083 0.009259
6 0.431510 0.431481 0.003646 0.018519
8 0.430208 0.423611 0.003125 0.023148
13 0.413542 0.427778 0.034375 0.074074
1 0.379688 0.493981 0.070833 0.150926
6 0.336198 0.593056 0.073438 0.182407
8 0.339323 0.530556 0.061979 0.205556
6 0.323177 0.452315 0.020313 0.028704
6 0.317188 0.456481 0.026042 0.022222
6 0.325521 0.486574 0.045833 0.065741
7 0.292969 0.521759 0.035937 0.180556
4 0.191667 0.482870 0.098958 0.117593
6 0.250260 0.558796 0.050521 0.130556
8 0.251042 0.519444 0.054167 0.175926
6 0.185417 0.547222 0.083333 0.111111
6 0.161719 0.565278 0.083854 0.108333
6 0.126823 0.590278 0.085938 0.112037
6 0.086979 0.524537 0.047917 0.058333
8 0.102865 0.520833 0.017188 0.056481
6 0.095833 0.594907 0.093750 0.139815
6 0.058854 0.598148 0.116667 0.224074
6 0.009115 0.673148 0.017188 0.172222
6 0.041406 0.647222 0.080729 0.181481
4 0.477344 0.534259 0.138021 0.231481
