3 0.523438 0.450694 0.018750 0.029167
3 0.500000 0.450000 0.018750 0.022222
14 0.525781 0.463194 0.017188 0.009722
1 0.472656 0.461806 0.012500 0.012500
4 0.482812 0.460417 0.010937 0.020833
14 0.539844 0.466667 0.014063 0.016667
4 0.553906 0.478472 0.021875 0.026389
4 0.578125 0.476389 0.045312 0.033333
4 0.583594 0.506944 0.045312 0.072222
4 0.641797 0.525694 0.092969 0.140278
3 0.885156 0.458333 0.229687 0.172222
8 0.858594 0.499306 0.020313 0.045833
6 0.873437 0.521528 0.025000 0.015278
4 0.755469 0.590972 0.220312 0.248611
4 0.918359 0.719444 0.163281 0.341667
4 0.508203 0.459722 0.017969 0.011111
14 0.490625 0.463889 0.014063 0.013889
4 0.492969 0.468056 0.014063 0.008333
4 0.506641 0.473611 0.014844 0.019444
4 0.522266 0.502778 0.052344 0.069444
4 0.538281 0.543750 0.076563 0.118056
4 0.487891 0.497917 0.035156 0.054167
8 0.468750 0.472222 0.007812 0.019444
8 0.463672 0.473611 0.010156 0.019444
8 0.452344 0.481250 0.014063 0.040278
6 0.451562 0.504167 0.014063 0.047222
6 0.461719 0.523611 0.023438 0.069444
8 0.464062 0.496528 0.020313 0.056944
7 0.423047 0.483333 0.016406 0.075000
7 0.393359 0.484028 0.010156 0.076389
7 0.382812 0.477778 0.012500 0.061111
6 0.372266 0.506250 0.030469 0.056944
2 0.083984 0.586806 0.066406 0.151389
7 0.460547 0.459722 0.007031 0.022222
7 0.689453 0.479861 0.008594 0.020833
