7 0.418750 0.482639 0.007812 0.037500
1 0.494141 0.481944 0.013281 0.025000
4 0.485156 0.500694 0.031250 0.045833
6 0.464844 0.518056 0.012500 0.038889
8 0.466406 0.501389 0.014063 0.050000
6 0.455078 0.522222 0.016406 0.052778
8 0.455078 0.507639 0.019531 0.056944
6 0.432422 0.518056 0.013281 0.041667
8 0.432812 0.502083 0.017188 0.054167
6 0.509375 0.502083 0.007812 0.026389
8 0.508984 0.488194 0.010156 0.029167
8 0.520703 0.481944 0.007031 0.019444
6 0.523047 0.521528 0.016406 0.034722
8 0.522266 0.509028 0.016406 0.062500
4 0.575391 0.554861 0.128906 0.195833
6 0.715234 0.502778 0.008594 0.022222
8 0.712500 0.493056 0.006250 0.019444
6 0.653125 0.500000 0.009375 0.025000
8 0.652344 0.490972 0.007812 0.026389
1 0.729688 0.498611 0.020313 0.030556
1 0.751563 0.502083 0.025000 0.031944
6 0.788672 0.530556 0.033594 0.055556
8 0.787109 0.515972 0.017969 0.076389
3 0.927344 0.495833 0.145313 0.225000
7 0.062891 0.545139 0.038281 0.165278
4 0.063281 0.713889 0.125000 0.302778
4 0.513672 0.481944 0.007031 0.019444
14 0.659375 0.482639 0.018750 0.034722
6 0.666406 0.495833 0.014063 0.022222
7 0.673828 0.495139 0.007031 0.026389
7 0.726953 0.503472 0.005469 0.031944
7 0.723047 0.504861 0.008594 0.034722
