4 0.367188 0.518750 0.064062 0.106944
4 0.353125 0.565972 0.065625 0.162500
4 0.260937 0.588889 0.176563 0.233333
8 0.305078 0.472222 0.008594 0.011111
8 0.178906 0.531250 0.032813 0.106944
6 0.134375 0.586111 0.035937 0.063889
6 0.168359 0.591667 0.024219 0.058333
4 0.397656 0.497917 0.026562 0.056944
4 0.394141 0.464583 0.011719 0.018056
4 0.435937 0.467361 0.018750 0.018056
4 0.451562 0.469444 0.021875 0.019444
4 0.492188 0.473611 0.021875 0.022222
4 0.525000 0.487500 0.053125 0.050000
4 0.554297 0.477778 0.016406 0.030556
4 0.570312 0.480556 0.021875 0.027778
4 0.957422 0.602778 0.085156 0.219444
9 0.781641 0.427778 0.008594 0.033333
4 0.464844 0.487500 0.057813 0.016667
4 0.459766 0.536111 0.080469 0.097222
8 0.424609 0.483333 0.011719 0.030556
6 0.425000 0.530556 0.012500 0.038889
8 0.427734 0.495833 0.016406 0.044444
8 0.523828 0.487500 0.017969 0.030556
8 0.528906 0.493056 0.025000 0.036111
4 0.502734 0.685417 0.233594 0.368056
8 0.103906 0.531944 0.046875 0.122222
4 0.983984 0.554861 0.032031 0.062500
7 0.985938 0.559722 0.023438 0.097222
4 0.821875 0.756944 0.356250 0.483333
4 0.154297 0.784722 0.307031 0.430556
8 0.473438 0.474306 0.009375 0.018056
4 0.410547 0.462500 0.014844 0.013889
10 0.402734 0.368750 0.022656 0.026389
9 0.322656 0.390278 0.009375 0.038889
9 0.421094 0.356944 0.015625 0.011111
7 0.980078 0.559722 0.021094 0.086111
4 0.473047 0.469444 0.017969 0.019444
14 0.422656 0.464583 0.009375 0.018056
4 0.641016 0.535417 0.133594 0.201389
