14 0.458854 0.431019 0.010417 0.032407
4 0.471354 0.431019 0.018750 0.023148
3 0.536979 0.419907 0.018750 0.039815
13 0.503646 0.401389 0.048958 0.067593
14 0.552344 0.419444 0.014063 0.009259
14 0.568750 0.425926 0.017708 0.012963
4 0.551562 0.435185 0.030208 0.022222
8 0.592448 0.425926 0.005729 0.005556
4 0.583594 0.455093 0.033854 0.054630
4 0.629687 0.453241 0.009375 0.030556
8 0.632292 0.436574 0.006250 0.028704
7 0.661979 0.440278 0.006250 0.026852
6 0.457292 0.473611 0.004167 0.037963
8 0.458073 0.439815 0.009896 0.038889
3 0.385937 0.422685 0.082292 0.139815
6 0.407552 0.477315 0.009896 0.041667
8 0.407552 0.450926 0.011979 0.062963
1 0.433594 0.466204 0.044271 0.104630
4 0.492969 0.462500 0.068229 0.069444
6 0.372656 0.476389 0.025521 0.069444
8 0.371875 0.459259 0.023958 0.075926
3 0.176042 0.500463 0.351042 0.999074
9 0.403125 0.261574 0.022917 0.012037
10 0.373177 0.281481 0.036979 0.033333
6 0.643490 0.483333 0.009896 0.062963
8 0.647396 0.446759 0.014583 0.054630
10 0.565104 0.344907 0.014583 0.034259
10 0.578646 0.325926 0.021875 0.037037
10 0.565365 0.373611 0.017188 0.012037
10 0.579167 0.360185 0.021875 0.012963
6 0.657292 0.490278 0.026042 0.078704
8 0.657292 0.471759 0.022917 0.082407
14 0.673698 0.443981 0.011979 0.013889
9 0.639844 0.381944 0.008854 0.043519
8 0.697135 0.431944 0.006771 0.008333
4 0.696094 0.458333 0.055729 0.042593
8 0.711458 0.432407 0.010417 0.020370
7 0.739323 0.442130 0.007812 0.017593
4 0.726302 0.523611 0.130729 0.154630
6 0.866406 0.512037 0.023438 0.079630
7 0.823177 0.406944 0.008854 0.015741
8 0.861198 0.488426 0.015104 0.100926
6 0.822917 0.538889 0.061458 0.129630
8 0.829948 0.500000 0.047396 0.138889
8 0.874740 0.483796 0.022396 0.087963
6 0.903385 0.587037 0.086979 0.187037
8 0.897135 0.529167 0.045312 0.189815
6 0.964323 0.551389 0.017188 0.080556
8 0.980469 0.482407 0.025521 0.070370
6 0.967969 0.648611 0.064062 0.223148
8 0.985677 0.542593 0.028646 0.196296
4 0.535156 0.587963 0.197396 0.329630
9 0.727604 0.268056 0.015625 0.010185
10 0.720833 0.293519 0.010417 0.037037
10 0.767448 0.259259 0.065104 0.064815
