4 0.412109 0.514583 0.060156 0.054167
7 0.421484 0.522917 0.014844 0.087500
2 0.396875 0.549306 0.012500 0.068056
6 0.435547 0.566667 0.024219 0.058333
8 0.437500 0.546528 0.028125 0.101389
8 0.450000 0.520833 0.015625 0.050000
4 0.319141 0.518056 0.074219 0.077778
6 0.362500 0.537500 0.048438 0.063889
8 0.361328 0.511111 0.025781 0.072222
7 0.023047 0.486111 0.021094 0.108333
7 0.041797 0.504167 0.042969 0.097222
4 0.119531 0.768056 0.237500 0.458333
13 0.629297 0.514583 0.366406 0.793056
13 0.894141 0.562500 0.211719 0.830556
9 0.340234 0.285417 0.014844 0.031944
1 0.417969 0.484722 0.026562 0.008333
