9 0.355469 0.331250 0.012500 0.029167
10 0.610938 0.414583 0.012500 0.029167
10 0.874609 0.350000 0.036719 0.086111
4 0.926953 0.704167 0.146094 0.486111
4 0.737500 0.477778 0.046875 0.019444
1 0.783203 0.701389 0.253906 0.452778
4 0.645312 0.559722 0.056250 0.141667
4 0.607422 0.516667 0.066406 0.091667
13 0.552344 0.470833 0.031250 0.055556
3 0.512109 0.450694 0.039844 0.048611
3 0.479297 0.454861 0.011719 0.012500
1 0.479297 0.467361 0.017969 0.012500
8 0.490234 0.465972 0.008594 0.012500
4 0.430469 0.484722 0.025000 0.038889
8 0.444922 0.469444 0.010156 0.016667
8 0.464453 0.466667 0.008594 0.019444
8 0.454297 0.467361 0.007031 0.018056
4 0.438281 0.517361 0.054688 0.090278
4 0.516016 0.641667 0.189844 0.347222
8 0.380859 0.491667 0.013281 0.063889
6 0.387891 0.503472 0.038281 0.048611
4 0.295703 0.483333 0.049219 0.047222
1 0.328906 0.492361 0.079687 0.048611
1 0.273828 0.501389 0.038281 0.077778
4 0.323828 0.615278 0.155469 0.216667
6 0.153125 0.791667 0.181250 0.397222
8 0.179297 0.671528 0.117969 0.326389
8 0.131641 0.683333 0.138281 0.347222
8 0.655469 0.484028 0.014063 0.020833
8 0.576172 0.467361 0.005469 0.015278
6 0.575391 0.475000 0.007031 0.011111
