14 0.489063 0.428241 0.007292 0.015741
4 0.509115 0.436111 0.017188 0.022222
1 0.520312 0.439352 0.008333 0.019444
4 0.530469 0.439352 0.015104 0.026852
1 0.537760 0.441667 0.010937 0.024074
4 0.549479 0.449537 0.021875 0.034259
7 0.550000 0.452778 0.008333 0.040741
13 0.571875 0.438889 0.030208 0.068519
1 0.588802 0.457870 0.014063 0.047222
7 0.575260 0.459722 0.010937 0.049074
13 0.621094 0.456481 0.061979 0.081481
4 0.654427 0.467593 0.061979 0.090741
13 0.748698 0.457870 0.102604 0.193519
13 0.800000 0.485648 0.098958 0.202778
7 0.752865 0.512037 0.027604 0.148148
1 0.683333 0.518519 0.084375 0.161111
13 0.909115 0.499537 0.181771 0.337963
4 0.438021 0.437037 0.015625 0.035185
13 0.464323 0.435185 0.040104 0.088889
13 0.382552 0.412963 0.036979 0.029630
4 0.343750 0.473611 0.063542 0.152778
1 0.402865 0.495833 0.065104 0.152778
6 0.411198 0.530093 0.030729 0.102778
8 0.406510 0.512500 0.030729 0.156481
7 0.347656 0.504630 0.021354 0.124074
6 0.385937 0.583333 0.066667 0.172222
8 0.383594 0.521296 0.056771 0.146296
8 0.380990 0.540278 0.056771 0.191667
4 0.274219 0.503241 0.135937 0.245370
7 0.243750 0.549074 0.045833 0.235185
4 0.115104 0.523611 0.229167 0.319444
4 0.042708 0.766204 0.084375 0.367593
4 0.485938 0.529167 0.100000 0.165741
14 0.493229 0.438426 0.018750 0.015741
