1 0.435937 0.489583 0.023438 0.040278
4 0.469141 0.474306 0.049219 0.031944
4 0.442578 0.559028 0.036719 0.145833
8 0.426563 0.511806 0.020313 0.062500
6 0.425781 0.556944 0.015625 0.052778
8 0.413281 0.535417 0.026562 0.120833
6 0.410938 0.569444 0.028125 0.072222
7 0.230078 0.540972 0.044531 0.156944
7 0.149609 0.579167 0.028906 0.108333
7 0.179297 0.600694 0.041406 0.240278
6 0.088672 0.848611 0.175781 0.302778
8 0.086328 0.755556 0.171094 0.486111
7 0.715625 0.497917 0.009375 0.048611
6 0.705859 0.526389 0.036719 0.036111
7 0.684766 0.519444 0.010156 0.063889
7 0.673438 0.515278 0.012500 0.061111
6 0.716797 0.534722 0.030469 0.041667
6 0.734375 0.536806 0.025000 0.054167
6 0.744922 0.543056 0.032031 0.050000
8 0.743359 0.522222 0.014844 0.063889
6 0.777344 0.550694 0.062500 0.056944
7 0.765625 0.503472 0.012500 0.056944
6 0.816797 0.561806 0.028906 0.059722
6 0.860547 0.566667 0.067969 0.094444
7 0.853516 0.562500 0.024219 0.116667
6 0.937109 0.583333 0.032031 0.102778
6 0.908203 0.585417 0.042969 0.084722
8 0.906250 0.555556 0.043750 0.100000
6 0.969531 0.579167 0.046875 0.119444
4 0.985547 0.634722 0.028906 0.169444
1 0.301953 0.661111 0.200781 0.386111
1 0.520312 0.639583 0.157812 0.340278
14 0.522266 0.444444 0.069531 0.061111
8 0.446484 0.470833 0.007031 0.011111
