4 0.460938 0.492361 0.015625 0.023611
4 0.441406 0.497222 0.020313 0.033333
8 0.486328 0.499306 0.013281 0.043056
8 0.482812 0.517361 0.014063 0.070833
13 0.596875 0.490972 0.228125 0.476389
3 0.714844 0.476389 0.039062 0.083333
4 0.710156 0.545833 0.025000 0.088889
6 0.695703 0.604861 0.039844 0.070833
8 0.703125 0.538889 0.020313 0.069444
13 0.857812 0.516667 0.284375 0.966667
8 0.469922 0.524306 0.019531 0.087500
14 0.450000 0.528472 0.023438 0.043056
7 0.453125 0.511111 0.017188 0.075000
6 0.472266 0.538889 0.022656 0.063889
6 0.403516 0.518056 0.038281 0.052778
8 0.405078 0.500000 0.019531 0.066667
2 0.426563 0.539583 0.014063 0.054167
8 0.428125 0.514583 0.017188 0.090278
4 0.361328 0.506250 0.050781 0.065278
7 0.328125 0.531250 0.015625 0.065278
7 0.356641 0.535417 0.021094 0.051389
7 0.203906 0.479167 0.028125 0.050000
7 0.180859 0.473611 0.024219 0.063889
7 0.144922 0.477778 0.028906 0.088889
7 0.106250 0.494444 0.039062 0.141667
4 0.186328 0.705556 0.341406 0.405556
14 0.483594 0.468056 0.017188 0.063889
