14 0.633073 0.480093 0.026562 0.037963
4 0.600781 0.467130 0.026562 0.023148
6 0.559115 0.473148 0.022396 0.038889
6 0.578385 0.479167 0.017188 0.052778
14 0.502604 0.441204 0.027083 0.019444
14 0.285938 0.509722 0.042708 0.095370
1 0.418750 0.704630 0.245833 0.548148
14 0.105469 0.541204 0.129688 0.145370
14 0.026823 0.520833 0.052604 0.123148
14 0.013802 0.566667 0.026562 0.135185
7 0.275260 0.490278 0.025521 0.108333
6 0.561458 0.476389 0.014583 0.039815
6 0.622396 0.480093 0.017708 0.028704
