3 0.395313 0.472222 0.031250 0.058333
4 0.414062 0.500000 0.025000 0.038889
8 0.412109 0.478472 0.005469 0.006944
8 0.418359 0.477778 0.005469 0.005556
14 0.375781 0.481944 0.006250 0.011111
6 0.370703 0.492361 0.007031 0.015278
8 0.370312 0.481944 0.006250 0.011111
4 0.361328 0.524306 0.113281 0.106944
6 0.373047 0.561111 0.071094 0.083333
8 0.377734 0.544444 0.027344 0.111111
8 0.389844 0.540278 0.014063 0.100000
8 0.398438 0.536806 0.017188 0.106944
3 0.158594 0.502083 0.315625 0.995833
13 0.618750 0.555556 0.262500 0.330556
8 0.387500 0.489583 0.009375 0.020833
