9 0.397656 0.313194 0.020313 0.009722
4 0.390625 0.481944 0.009375 0.019444
13 0.414062 0.464583 0.017188 0.015278
4 0.427734 0.481250 0.010156 0.018056
13 0.445703 0.472917 0.030469 0.054167
8 0.453125 0.481944 0.010937 0.027778
8 0.472266 0.475694 0.008594 0.009722
4 0.486719 0.471528 0.020313 0.012500
8 0.506250 0.472917 0.006250 0.012500
8 0.512891 0.476389 0.005469 0.013889
8 0.521875 0.482639 0.009375 0.020833
6 0.523438 0.495833 0.009375 0.016667
14 0.532813 0.488194 0.012500 0.023611
13 0.562891 0.481250 0.033594 0.045833
6 0.555859 0.497917 0.016406 0.020833
8 0.555078 0.490278 0.010156 0.033333
7 0.651953 0.475694 0.005469 0.020833
8 0.663672 0.490278 0.008594 0.027778
4 0.630859 0.512500 0.089844 0.066667
4 0.973828 0.535417 0.052344 0.070833
4 0.918359 0.572222 0.074219 0.127778
4 0.976562 0.670833 0.045312 0.222222
4 0.365234 0.479861 0.016406 0.029167
14 0.380078 0.479861 0.016406 0.045833
4 0.408203 0.493750 0.035156 0.051389
4 0.340625 0.531944 0.034375 0.102778
1 0.276172 0.553472 0.107031 0.170833
10 0.374609 0.333333 0.028906 0.033333
4 0.042188 0.843750 0.082812 0.309722
6 0.046094 0.632639 0.092188 0.162500
8 0.037109 0.594444 0.072656 0.222222
10 0.762500 0.290972 0.028125 0.062500
4 0.494531 0.510417 0.060937 0.062500
4 0.478906 0.574306 0.098437 0.170833
9 0.064453 0.282639 0.022656 0.104167
9 0.088281 0.133333 0.018750 0.094444
