14 0.493359 0.461806 0.007031 0.012500
4 0.476953 0.465972 0.010156 0.015278
14 0.448828 0.470833 0.010156 0.016667
4 0.444531 0.493750 0.028125 0.040278
14 0.511719 0.459028 0.006250 0.018056
14 0.517188 0.458333 0.007812 0.016667
14 0.532813 0.456944 0.017188 0.019444
4 0.516406 0.465278 0.007812 0.011111
4 0.524219 0.466667 0.009375 0.016667
14 0.528125 0.468056 0.006250 0.013889
14 0.555469 0.465278 0.017188 0.027778
14 0.582422 0.456250 0.038281 0.018056
6 0.707422 0.519444 0.017969 0.036111
8 0.699219 0.493056 0.010937 0.027778
8 0.707422 0.506250 0.010156 0.043056
1 0.923828 0.512500 0.033594 0.047222
4 0.966797 0.522917 0.032031 0.059722
8 0.948047 0.516667 0.017969 0.055556
6 0.693750 0.584028 0.018750 0.079167
8 0.689453 0.525000 0.022656 0.100000
4 0.258594 0.496528 0.020313 0.034722
4 0.238672 0.479167 0.024219 0.030556
4 0.242188 0.513194 0.073438 0.073611
4 0.117578 0.509028 0.080469 0.073611
1 0.184375 0.518750 0.057813 0.065278
4 0.316797 0.684722 0.255469 0.352778
6 0.112891 0.847917 0.217969 0.304167
8 0.106250 0.779861 0.210938 0.440278
6 0.548047 0.565972 0.022656 0.068056
8 0.544922 0.511806 0.022656 0.062500
6 0.487109 0.541667 0.027344 0.058333
8 0.490234 0.513194 0.028906 0.068056
4 0.834375 0.692361 0.287500 0.390278
1 0.623437 0.625000 0.157812 0.319444
6 0.917969 0.823611 0.164062 0.347222
8 0.946094 0.840972 0.106250 0.298611
6 0.506250 0.684722 0.073438 0.269444
8 0.505469 0.643750 0.070312 0.309722
9 0.438281 0.358333 0.032813 0.019444
10 0.412109 0.378472 0.038281 0.037500
9 0.288281 0.289583 0.021875 0.106944
10 0.875000 0.411111 0.090625 0.111111
9 0.305078 0.364583 0.021094 0.034722
8 0.365234 0.493750 0.014844 0.023611
8 0.384766 0.496528 0.014844 0.023611
