3 0.338021 0.418981 0.025000 0.015741
3 0.313281 0.409722 0.026562 0.049074
4 0.321094 0.428704 0.019271 0.009259
4 0.398958 0.436574 0.027083 0.021296
4 0.361719 0.432870 0.058854 0.013889
4 0.426302 0.472685 0.052604 0.076852
4 0.589323 0.482870 0.019271 0.112037
4 0.515104 0.506019 0.151042 0.237963
7 0.669271 0.446296 0.006250 0.035185
7 0.650260 0.440278 0.008854 0.030556
7 0.644271 0.443519 0.006250 0.033333
7 0.633333 0.448611 0.007292 0.036111
7 0.635938 0.450926 0.008333 0.040741
7 0.726042 0.449537 0.007292 0.030556
7 0.743490 0.445370 0.010937 0.038889
4 0.930729 0.646759 0.137500 0.330556
4 0.761198 0.645833 0.299479 0.362037
6 0.515885 0.612963 0.069271 0.201852
8 0.522656 0.568519 0.072396 0.255556
8 0.524479 0.544444 0.071875 0.237037
10 0.276823 0.309259 0.089063 0.053704
3 0.253646 0.393981 0.113542 0.126852
8 0.177604 0.450926 0.029167 0.035185
8 0.176302 0.469444 0.034896 0.079630
8 0.288281 0.429167 0.011979 0.008333
6 0.144271 0.599074 0.066667 0.172222
8 0.145313 0.553241 0.064583 0.243519
8 0.019010 0.514815 0.036979 0.157407
6 0.012240 0.614815 0.024479 0.072222
6 0.059115 0.682407 0.117188 0.320370
8 0.064583 0.631481 0.104167 0.370370
4 0.420573 0.568056 0.033854 0.234259
1 0.303906 0.712500 0.281771 0.569444
