3 0.528125 0.496759 0.017708 0.032407
14 0.536719 0.504167 0.011979 0.021296
4 0.557292 0.506481 0.032292 0.050000
4 0.565365 0.518056 0.035937 0.045370
4 0.573438 0.537500 0.023958 0.075000
4 0.594010 0.555093 0.048438 0.115741
13 0.690625 0.549074 0.181250 0.337037
6 0.846354 0.751389 0.108333 0.286111
8 0.822656 0.663889 0.078646 0.283333
6 0.739583 0.793519 0.152083 0.372222
8 0.713021 0.685185 0.081250 0.344444
8 0.749740 0.694444 0.108854 0.351852
3 0.495833 0.481944 0.010417 0.019444
4 0.528385 0.512500 0.018229 0.030556
10 0.440885 0.457870 0.004687 0.013889
3 0.469531 0.487037 0.049479 0.062963
4 0.457292 0.529167 0.034375 0.060185
4 0.499219 0.510185 0.050521 0.040741
4 0.493490 0.548611 0.065104 0.069444
4 0.360938 0.608333 0.146875 0.222222
6 0.332292 0.736574 0.076042 0.225000
8 0.332292 0.647222 0.068750 0.277778
6 0.241406 0.657407 0.065104 0.148148
8 0.241667 0.603704 0.057292 0.174074
4 0.519792 0.631481 0.141667 0.229630
3 0.503906 0.483333 0.007812 0.012963
13 0.513281 0.485185 0.010937 0.012963
