10 0.533594 0.401852 0.021354 0.027778
14 0.575000 0.493981 0.012500 0.010185
13 0.590365 0.489352 0.021354 0.025000
4 0.614583 0.507407 0.018750 0.018519
14 0.686198 0.499537 0.026562 0.019444
13 0.642188 0.490278 0.039583 0.063889
1 0.652604 0.503704 0.035417 0.022222
14 0.718750 0.508796 0.035417 0.030556
1 0.736198 0.515741 0.035937 0.037037
3 0.795052 0.490278 0.073438 0.058333
1 0.829688 0.511574 0.051042 0.036111
1 0.888021 0.518981 0.036458 0.030556
7 0.983594 0.502315 0.009896 0.026852
7 0.987240 0.509722 0.013021 0.039815
4 0.891927 0.521759 0.018229 0.017593
4 0.939063 0.532407 0.119792 0.051852
4 0.643490 0.518519 0.019271 0.018519
4 0.674479 0.522685 0.055208 0.032407
4 0.690885 0.576389 0.076563 0.152778
4 0.781250 0.639815 0.183333 0.262963
4 0.897396 0.775000 0.205208 0.450000
4 0.548438 0.491204 0.014583 0.006481
4 0.505729 0.521296 0.027083 0.053704
4 0.536719 0.536111 0.056771 0.092593
4 0.569271 0.583333 0.089583 0.150000
4 0.602344 0.637037 0.157812 0.242593
8 0.479427 0.512500 0.009896 0.023148
4 0.473438 0.532407 0.016667 0.059259
8 0.479427 0.550926 0.025521 0.066667
6 0.508073 0.717130 0.066146 0.154630
8 0.502083 0.600000 0.053125 0.179630
1 0.046354 0.760185 0.091667 0.479630
13 0.279948 0.553704 0.398438 0.892593
4 0.585938 0.509722 0.047917 0.026852
8 0.811979 0.507407 0.010417 0.022222
8 0.833333 0.514815 0.011458 0.018519
8 0.851042 0.521296 0.012500 0.033333
7 0.996615 0.513426 0.005729 0.045370
9 0.551562 0.384722 0.018750 0.012037
8 0.488281 0.508796 0.010937 0.028704
