14 0.572135 0.453241 0.004687 0.012037
14 0.577344 0.453704 0.007812 0.009259
4 0.572396 0.461111 0.008333 0.007407
14 0.581771 0.460185 0.010417 0.014815
1 0.594010 0.462500 0.013021 0.023148
4 0.580469 0.472222 0.020313 0.014815
4 0.586458 0.481481 0.013542 0.024074
4 0.607292 0.478241 0.036458 0.032407
4 0.576823 0.512500 0.015104 0.071296
6 0.585417 0.516667 0.008333 0.025926
8 0.589323 0.492130 0.016146 0.043519
4 0.665365 0.492593 0.064062 0.057407
4 0.625000 0.528241 0.090625 0.123148
7 0.639323 0.463426 0.003646 0.015741
7 0.635677 0.465741 0.002604 0.014815
6 0.697396 0.482407 0.013542 0.018519
8 0.693750 0.466667 0.012500 0.024074
1 0.725260 0.472222 0.035937 0.035185
6 0.607292 0.570833 0.039583 0.123148
8 0.608854 0.543981 0.044792 0.156481
14 0.819792 0.459722 0.021875 0.013889
7 0.829948 0.462037 0.007812 0.014815
4 0.793750 0.483333 0.090625 0.037037
4 0.754167 0.618981 0.246875 0.323148
1 0.896875 0.718519 0.203125 0.555556
4 0.447656 0.495833 0.003646 0.036111
3 0.511198 0.475463 0.129688 0.236111
7 0.439063 0.499537 0.012500 0.043519
7 0.432031 0.496296 0.019271 0.055556
7 0.419792 0.479630 0.006250 0.011111
7 0.370312 0.477315 0.009375 0.017593
7 0.350781 0.480556 0.007812 0.016667
7 0.322656 0.481019 0.009896 0.019444
7 0.282813 0.546296 0.022917 0.162963
7 0.257552 0.548148 0.032813 0.159259
7 0.161719 0.684259 0.070312 0.353704
7 0.029948 0.713889 0.057813 0.335185
10 0.265625 0.349074 0.035417 0.092593
10 0.442188 0.431944 0.013542 0.023148
10 0.442448 0.446759 0.013021 0.008333
9 0.651042 0.436111 0.008333 0.031481
12 0.655729 0.389352 0.009375 0.021296
14 0.697135 0.456481 0.023438 0.016667
