1 0.371875 0.459028 0.007812 0.018056
4 0.394531 0.463889 0.012500 0.013889
4 0.408984 0.464583 0.014844 0.015278
4 0.422656 0.465972 0.010937 0.015278
4 0.435156 0.466667 0.014063 0.016667
4 0.452344 0.469444 0.023438 0.016667
4 0.473047 0.470833 0.019531 0.019444
4 0.492188 0.472222 0.021875 0.019444
4 0.552344 0.477778 0.020313 0.033333
4 0.569141 0.478472 0.014844 0.026389
4 0.525391 0.487500 0.052344 0.052778
4 0.642578 0.535417 0.132031 0.206944
4 0.822266 0.759722 0.355469 0.480556
8 0.521094 0.487500 0.018750 0.033333
8 0.528906 0.491667 0.028125 0.033333
4 0.458203 0.483333 0.046094 0.011111
4 0.459766 0.522917 0.082031 0.076389
8 0.423047 0.496528 0.013281 0.059722
8 0.428516 0.492361 0.016406 0.037500
6 0.425000 0.522917 0.009375 0.029167
6 0.407031 0.513194 0.018750 0.056944
8 0.405469 0.504861 0.020313 0.068056
4 0.366797 0.515972 0.061719 0.098611
4 0.357422 0.548611 0.058594 0.136111
4 0.260547 0.581250 0.180469 0.223611
8 0.305078 0.470833 0.008594 0.011111
8 0.185156 0.509722 0.028125 0.091667
6 0.171094 0.585417 0.012500 0.051389
6 0.135547 0.577778 0.049219 0.052778
8 0.102734 0.526389 0.044531 0.116667
4 0.153906 0.782639 0.306250 0.431944
4 0.501953 0.695139 0.233594 0.384722
9 0.782813 0.428472 0.007812 0.031944
4 0.885938 0.518750 0.050000 0.029167
7 0.892969 0.516667 0.007812 0.030556
7 0.897266 0.518056 0.005469 0.033333
4 0.923828 0.536806 0.052344 0.054167
9 0.323437 0.395139 0.014063 0.054167
10 0.402344 0.368056 0.026562 0.022222
