14 0.326953 0.465972 0.008594 0.015278
14 0.339844 0.463889 0.007812 0.016667
1 0.348828 0.465972 0.008594 0.015278
4 0.358203 0.468056 0.011719 0.016667
14 0.367578 0.465278 0.010156 0.011111
4 0.376563 0.466667 0.007812 0.011111
4 0.387891 0.470139 0.011719 0.012500
4 0.400391 0.475694 0.014844 0.020833
4 0.415234 0.477778 0.013281 0.019444
14 0.442969 0.475000 0.014063 0.016667
4 0.460547 0.481944 0.017969 0.025000
4 0.483984 0.483333 0.016406 0.019444
4 0.552344 0.495833 0.009375 0.027778
4 0.572266 0.499306 0.032031 0.043056
4 0.594141 0.501389 0.016406 0.030556
4 0.612891 0.503472 0.010156 0.029167
6 0.603516 0.511111 0.010156 0.022222
8 0.601172 0.496528 0.008594 0.026389
4 0.729297 0.526389 0.047656 0.047222
4 0.902344 0.558333 0.075000 0.061111
6 0.910156 0.567361 0.032813 0.043056
8 0.915234 0.559722 0.010156 0.063889
8 0.921875 0.562500 0.009375 0.055556
4 0.978516 0.579167 0.041406 0.061111
8 0.469531 0.490972 0.010937 0.031944
4 0.529297 0.508333 0.042969 0.086111
4 0.684375 0.616667 0.196875 0.216667
4 0.421484 0.489583 0.017969 0.026389
4 0.444141 0.489583 0.022656 0.020833
4 0.434766 0.525694 0.049219 0.081944
4 0.492188 0.552778 0.079687 0.119444
4 0.388281 0.495139 0.026562 0.040278
8 0.373828 0.497917 0.010156 0.045833
4 0.343359 0.525694 0.061719 0.101389
8 0.285156 0.488889 0.012500 0.033333
8 0.291406 0.522222 0.029687 0.094444
6 0.289844 0.549306 0.029687 0.079167
4 0.104297 0.796528 0.205469 0.406944
8 0.632812 0.500694 0.010937 0.023611
9 0.810937 0.438194 0.007812 0.034722
9 0.237500 0.439583 0.010937 0.020833
9 0.231641 0.363889 0.014844 0.061111
9 0.384375 0.349306 0.021875 0.006944
9 0.358594 0.365972 0.029687 0.026389
14 0.428906 0.474306 0.014063 0.015278
4 0.498047 0.482639 0.021094 0.018056
14 0.624219 0.499306 0.010937 0.031944
