4 0.483203 0.461806 0.011719 0.018056
4 0.488672 0.463194 0.011719 0.015278
4 0.505469 0.485417 0.023438 0.045833
1 0.482031 0.513889 0.042188 0.097222
8 0.531641 0.491667 0.011719 0.047222
6 0.531250 0.507639 0.015625 0.034722
14 0.541016 0.470139 0.019531 0.026389
14 0.560547 0.476389 0.014844 0.033333
4 0.576562 0.486806 0.023438 0.026389
7 0.576562 0.468056 0.006250 0.016667
4 0.621094 0.514583 0.053125 0.073611
4 0.690234 0.521528 0.061719 0.062500
8 0.735156 0.511111 0.020313 0.041667
6 0.732422 0.546528 0.035156 0.076389
4 0.889453 0.510417 0.082031 0.045833
7 0.800000 0.515278 0.015625 0.038889
4 0.978516 0.532639 0.042969 0.043056
4 0.908203 0.627083 0.182031 0.231944
8 0.453906 0.473611 0.007812 0.019444
6 0.454297 0.484028 0.008594 0.018056
7 0.437500 0.472222 0.006250 0.022222
14 0.435937 0.480556 0.014063 0.025000
7 0.416406 0.470139 0.007812 0.040278
7 0.420312 0.468750 0.009375 0.045833
7 0.369531 0.481944 0.015625 0.052778
8 0.431641 0.600000 0.063281 0.219444
6 0.431250 0.661111 0.073438 0.250000
7 0.393750 0.470139 0.006250 0.045833
7 0.401953 0.471528 0.007031 0.034722
4 0.301953 0.473611 0.096094 0.061111
1 0.307812 0.511806 0.067187 0.106944
8 0.297266 0.456944 0.011719 0.022222
4 0.225000 0.634028 0.276562 0.284722
7 0.139844 0.443056 0.009375 0.036111
7 0.148047 0.471528 0.016406 0.073611
7 0.169141 0.470139 0.027344 0.079167
7 0.125781 0.441667 0.012500 0.030556
7 0.114453 0.497917 0.041406 0.145833
7 0.091016 0.529861 0.033594 0.218056
7 0.067578 0.528472 0.025781 0.201389
7 0.042578 0.517361 0.041406 0.229167
7 0.042578 0.535417 0.057031 0.220833
7 0.010156 0.520139 0.018750 0.165278
1 0.467969 0.466667 0.014063 0.016667
7 0.782422 0.509722 0.010156 0.044444
4 0.521875 0.465972 0.009375 0.009722
14 0.478906 0.464583 0.009375 0.006944
