4 0.515234 0.476389 0.010156 0.013889
1 0.523047 0.472917 0.008594 0.006944
1 0.536328 0.486806 0.024219 0.034722
14 0.557813 0.475000 0.018750 0.019444
4 0.506250 0.506250 0.017188 0.070833
8 0.541406 0.490278 0.010937 0.036111
6 0.537109 0.509028 0.011719 0.029167
8 0.510938 0.541667 0.021875 0.100000
8 0.519141 0.534722 0.038281 0.122222
6 0.523828 0.570833 0.035156 0.116667
6 0.548047 0.627083 0.058594 0.198611
8 0.549219 0.570833 0.059375 0.177778
1 0.432031 0.544444 0.142187 0.366667
1 0.342969 0.510417 0.042188 0.079167
13 0.303906 0.447222 0.070312 0.058333
13 0.048438 0.427083 0.093750 0.145833
4 0.094531 0.472917 0.028125 0.062500
4 0.174219 0.469444 0.025000 0.016667
4 0.241797 0.615972 0.246094 0.298611
1 0.142187 0.543750 0.042188 0.143056
6 0.072656 0.854861 0.145313 0.287500
8 0.047656 0.900000 0.093750 0.191667
9 0.308203 0.317361 0.017969 0.020833
10 0.313672 0.346528 0.014844 0.040278
1 0.671484 0.501389 0.030469 0.044444
4 0.725781 0.497917 0.039062 0.031944
7 0.692187 0.512500 0.012500 0.061111
1 0.881641 0.520833 0.016406 0.052778
1 0.860938 0.509722 0.028125 0.036111
14 0.810937 0.507639 0.034375 0.051389
6 0.823438 0.520139 0.021875 0.034722
8 0.823438 0.511111 0.012500 0.044444
7 0.802344 0.516667 0.009375 0.047222
10 0.569922 0.380556 0.017969 0.030556
10 0.774609 0.375694 0.019531 0.040278
14 0.841016 0.515278 0.021094 0.027778
