7 0.867188 0.513194 0.007812 0.048611
6 0.836328 0.520139 0.014844 0.031944
8 0.835547 0.508333 0.010156 0.044444
3 0.775391 0.483333 0.067969 0.077778
6 0.802734 0.520833 0.014844 0.033333
8 0.804297 0.506944 0.013281 0.044444
7 0.991797 0.532639 0.013281 0.056944
4 0.714453 0.475694 0.010156 0.020833
4 0.705469 0.481944 0.021875 0.025000
4 0.688281 0.477778 0.010937 0.019444
7 0.696094 0.472222 0.006250 0.019444
7 0.655469 0.502778 0.010937 0.058333
7 0.639453 0.487500 0.008594 0.038889
1 0.630078 0.480556 0.013281 0.027778
4 0.614062 0.475694 0.014063 0.023611
1 0.603125 0.480556 0.012500 0.027778
7 0.597266 0.471528 0.005469 0.020833
8 0.562500 0.487500 0.009375 0.019444
8 0.570312 0.499306 0.014063 0.037500
8 0.581641 0.523611 0.021094 0.077778
6 0.581250 0.546528 0.021875 0.065278
1 0.537891 0.486111 0.038281 0.019444
7 0.554297 0.471528 0.007031 0.018056
8 0.507812 0.500694 0.015625 0.043056
6 0.504297 0.539583 0.011719 0.045833
8 0.493359 0.489583 0.007031 0.012500
4 0.491016 0.521528 0.021094 0.084722
6 0.489844 0.543750 0.014063 0.048611
8 0.469922 0.495833 0.014844 0.041667
8 0.478516 0.527778 0.027344 0.102778
6 0.475000 0.547222 0.023438 0.066667
6 0.452734 0.542361 0.019531 0.065278
8 0.452734 0.521528 0.022656 0.095833
4 0.540234 0.553472 0.082031 0.120833
1 0.434766 0.515278 0.035156 0.086111
1 0.394141 0.484028 0.046094 0.026389
1 0.332031 0.513194 0.045312 0.084722
4 0.379688 0.525000 0.048438 0.088889
6 0.412109 0.558333 0.028906 0.080556
8 0.411719 0.525694 0.026562 0.098611
6 0.292969 0.520833 0.015625 0.044444
8 0.292578 0.504167 0.016406 0.061111
4 0.231250 0.502083 0.040625 0.045833
4 0.265625 0.509028 0.035937 0.056944
6 0.273438 0.536111 0.021875 0.063889
8 0.275391 0.513194 0.021094 0.079167
3 0.108594 0.491667 0.215625 0.369444
10 0.396484 0.356944 0.032031 0.033333
7 0.815625 0.502083 0.009375 0.040278
7 0.826953 0.504167 0.007031 0.038889
9 0.428516 0.345833 0.017969 0.016667
9 0.376563 0.420833 0.007812 0.038889
9 0.367969 0.336806 0.015625 0.023611
7 0.221484 0.467361 0.005469 0.023611
7 0.622656 0.479861 0.004687 0.020833
