10 0.498437 0.413194 0.067187 0.029167
14 0.485938 0.464583 0.007812 0.006944
3 0.495703 0.463194 0.014844 0.023611
14 0.479297 0.472917 0.007031 0.006944
4 0.489844 0.470833 0.015625 0.011111
14 0.507422 0.473611 0.016406 0.008333
3 0.518750 0.464583 0.017188 0.023611
4 0.533594 0.472917 0.017188 0.009722
3 0.592187 0.455556 0.053125 0.044444
4 0.553125 0.477778 0.026562 0.022222
4 0.561328 0.493750 0.022656 0.040278
4 0.628125 0.490278 0.020313 0.033333
4 0.592969 0.504861 0.067187 0.101389
4 0.685547 0.553472 0.157031 0.184722
3 0.934375 0.482639 0.131250 0.184722
3 0.752344 0.445139 0.192188 0.129167
4 0.960547 0.562500 0.078906 0.147222
4 0.930859 0.734722 0.138281 0.372222
6 0.464062 0.497917 0.006250 0.012500
8 0.462500 0.481250 0.007812 0.015278
6 0.455078 0.518750 0.013281 0.045833
8 0.453516 0.508333 0.016406 0.063889
6 0.436328 0.528472 0.022656 0.068056
8 0.437891 0.506250 0.017969 0.068056
4 0.513672 0.584028 0.132031 0.215278
10 0.366406 0.168750 0.084375 0.081944
9 0.375000 0.121528 0.023438 0.023611
9 0.416797 0.125000 0.052344 0.025000
