13 0.435937 0.463889 0.023438 0.044444
14 0.411719 0.466667 0.018750 0.011111
4 0.466016 0.471528 0.042969 0.026389
8 0.444531 0.475000 0.007812 0.011111
8 0.436719 0.478472 0.006250 0.015278
7 0.401953 0.465278 0.008594 0.013889
7 0.395703 0.467361 0.005469 0.015278
1 0.422266 0.495833 0.028906 0.055556
8 0.423438 0.493056 0.015625 0.041667
8 0.384766 0.470833 0.007031 0.008333
8 0.421094 0.502778 0.015625 0.036111
1 0.365625 0.561806 0.084375 0.173611
7 0.408594 0.575694 0.046875 0.204167
7 0.366016 0.580556 0.042969 0.208333
4 0.437500 0.545833 0.021875 0.105556
1 0.494531 0.631944 0.140625 0.319444
14 0.569531 0.485417 0.026562 0.034722
7 0.596875 0.493056 0.014063 0.038889
8 0.631250 0.496528 0.015625 0.031944
7 0.651953 0.504167 0.008594 0.041667
8 0.644141 0.496528 0.011719 0.029167
1 0.684375 0.525000 0.064062 0.091667
6 0.720703 0.554861 0.011719 0.040278
8 0.107422 0.495139 0.022656 0.015278
6 0.040234 0.754861 0.035156 0.140278
1 0.187109 0.738194 0.305469 0.523611
7 0.272656 0.463889 0.012500 0.022222
7 0.378125 0.471528 0.006250 0.006944
14 0.485547 0.454167 0.030469 0.036111
6 0.623828 0.503472 0.013281 0.015278
6 0.584375 0.493750 0.009375 0.018056
