3 0.483594 0.503704 0.005729 0.018519
3 0.477604 0.500000 0.008333 0.018519
3 0.492969 0.507407 0.017188 0.033333
1 0.498177 0.515741 0.013021 0.018519
4 0.517969 0.512500 0.039062 0.041667
3 0.464583 0.491667 0.020833 0.018519
3 0.451562 0.490741 0.009375 0.022222
3 0.424479 0.511574 0.053125 0.095370
4 0.419792 0.541204 0.025000 0.056481
4 0.409115 0.551389 0.023438 0.076852
3 0.200000 0.493519 0.398958 0.716667
4 0.461719 0.518981 0.048438 0.041667
4 0.548958 0.557407 0.050000 0.096296
4 0.604948 0.593519 0.102604 0.170370
4 0.660677 0.531944 0.024479 0.021296
7 0.705469 0.533796 0.006771 0.036111
7 0.710417 0.532407 0.008333 0.040741
7 0.739583 0.534722 0.011458 0.043519
7 0.751042 0.534259 0.012500 0.050000
7 0.917448 0.554167 0.015104 0.071296
1 0.972917 0.569907 0.054167 0.080556
10 0.780729 0.561111 0.010417 0.016667
14 0.916927 0.873611 0.166146 0.252778
4 0.486979 0.645833 0.155208 0.267593
4 0.523958 0.521296 0.022917 0.027778
