13 0.464844 0.457639 0.028125 0.031944
4 0.492578 0.464583 0.052344 0.015278
1 0.434766 0.479861 0.041406 0.026389
8 0.432031 0.487500 0.012500 0.033333
13 0.396875 0.468750 0.029687 0.029167
8 0.423828 0.528472 0.024219 0.098611
6 0.424219 0.567361 0.017188 0.065278
8 0.411328 0.554861 0.027344 0.137500
6 0.410156 0.597222 0.014063 0.072222
1 0.383594 0.593750 0.053125 0.251389
8 0.145313 0.519444 0.015625 0.036111
8 0.107813 0.601389 0.059375 0.191667
6 0.112109 0.745833 0.052344 0.136111
6 0.042969 0.739583 0.076563 0.190278
1 0.256641 0.717361 0.257031 0.487500
1 0.508203 0.652083 0.169531 0.368056
4 0.614844 0.500000 0.042188 0.044444
6 0.648438 0.503472 0.015625 0.020833
8 0.657422 0.494444 0.010156 0.033333
8 0.670703 0.488194 0.013281 0.029167
6 0.686328 0.514583 0.039844 0.034722
6 0.732422 0.522917 0.028906 0.040278
7 0.715234 0.522917 0.014844 0.045833
6 0.807422 0.540278 0.049219 0.058333
6 0.754297 0.524306 0.013281 0.026389
8 0.776563 0.531250 0.037500 0.101389
6 0.909766 0.538194 0.057031 0.068056
6 0.786328 0.555556 0.030469 0.041667
6 0.982422 0.517361 0.030469 0.054167
6 0.964063 0.545139 0.067187 0.070833
6 0.950000 0.575694 0.090625 0.068056
7 0.995703 0.509028 0.008594 0.068056
6 0.962109 0.611806 0.069531 0.098611
8 0.966406 0.578472 0.042188 0.134722
6 0.101172 0.875000 0.200781 0.250000
8 0.024609 0.720139 0.049219 0.037500
8 0.084766 0.775694 0.167969 0.445833
