9 0.203906 0.500463 0.006771 0.032407
9 0.438802 0.409259 0.023438 0.011111
9 0.490104 0.442130 0.010417 0.010185
4 0.450260 0.652778 0.138021 0.233333
4 0.508854 0.587500 0.018750 0.039815
6 0.506250 0.595370 0.008333 0.025926
8 0.503906 0.577778 0.009896 0.022222
4 0.526302 0.588426 0.025521 0.041667
14 0.558333 0.581944 0.004167 0.012037
4 0.548177 0.592130 0.025521 0.043519
7 0.530990 0.588426 0.010937 0.043519
6 0.523438 0.596296 0.011458 0.031481
8 0.523438 0.583796 0.008333 0.036111
8 0.518229 0.582870 0.004167 0.034259
4 0.568750 0.593981 0.018750 0.036111
6 0.615625 0.597222 0.009375 0.031481
8 0.619271 0.581019 0.006250 0.025000
6 0.604688 0.599074 0.012500 0.031481
8 0.605990 0.588889 0.010937 0.044444
6 0.596615 0.597685 0.010937 0.028704
8 0.595313 0.581944 0.010417 0.026852
8 0.576823 0.585185 0.007812 0.027778
8 0.590104 0.590278 0.010417 0.037963
6 0.584115 0.597222 0.011979 0.033333
6 0.577083 0.600926 0.004167 0.025926
8 0.582031 0.580093 0.005729 0.017593
4 0.666927 0.594907 0.100521 0.113889
9 0.799479 0.536111 0.005208 0.011111
9 0.826042 0.367593 0.023958 0.007407
10 0.809896 0.409722 0.018750 0.041667
10 0.925000 0.488889 0.010417 0.031481
10 0.925000 0.511574 0.009375 0.006481
4 0.932813 0.584259 0.027083 0.048148
1 0.893750 0.583333 0.051042 0.077778
4 0.811198 0.584722 0.033854 0.069444
1 0.848698 0.582870 0.042188 0.089815
1 0.767708 0.587500 0.046875 0.099074
6 0.790625 0.625000 0.039583 0.109259
8 0.789844 0.599074 0.035937 0.116667
1 0.347396 0.569907 0.005208 0.008333
4 0.368490 0.596296 0.053646 0.075926
1 0.303906 0.562963 0.023438 0.011111
4 0.328385 0.587037 0.039062 0.051852
8 0.272396 0.560648 0.007292 0.008333
6 0.177604 0.634722 0.022917 0.050926
8 0.181250 0.582407 0.023958 0.062963
7 0.121615 0.573611 0.013021 0.037963
9 0.213542 0.545370 0.007292 0.014815
4 0.226042 0.614815 0.079167 0.114815
4 0.273438 0.647222 0.145833 0.164815
6 0.279167 0.721296 0.077083 0.188889
8 0.292187 0.647222 0.045833 0.183333
8 0.276823 0.655093 0.077604 0.200926
8 0.037760 0.586111 0.015104 0.048148
8 0.097396 0.623611 0.050000 0.158333
6 0.110937 0.653704 0.047917 0.133333
6 0.035677 0.614352 0.017188 0.039815
6 0.069531 0.830556 0.138021 0.335185
8 0.074479 0.748148 0.098958 0.379630
8 0.050781 0.756019 0.100521 0.402778
14 0.029167 0.581481 0.013542 0.044444
9 0.004687 0.274537 0.009375 0.028704
