6 0.491797 0.486806 0.002344 0.006944
8 0.491016 0.480556 0.002344 0.008333
1 0.498047 0.484028 0.005469 0.012500
6 0.496094 0.488889 0.003125 0.008333
8 0.496094 0.484028 0.003125 0.012500
8 0.490234 0.481250 0.003906 0.006944
14 0.502344 0.481944 0.004687 0.008333
4 0.532031 0.493056 0.026562 0.019444
4 0.562500 0.494444 0.014063 0.022222
8 0.542188 0.490278 0.012500 0.022222
8 0.547266 0.490972 0.022656 0.031944
14 0.678516 0.404861 0.127344 0.098611
7 0.747656 0.466667 0.015625 0.047222
4 0.709375 0.623611 0.287500 0.366667
4 0.519922 0.661111 0.230469 0.372222
4 0.482031 0.480556 0.006250 0.008333
14 0.476953 0.482639 0.008594 0.009722
4 0.468750 0.486806 0.009375 0.018056
7 0.476172 0.487500 0.005469 0.025000
14 0.461719 0.486111 0.007812 0.013889
14 0.452734 0.487500 0.007031 0.013889
8 0.461719 0.493750 0.006250 0.015278
8 0.455078 0.494444 0.005469 0.022222
8 0.448828 0.495139 0.008594 0.023611
4 0.435937 0.504861 0.025000 0.054167
2 0.430469 0.525000 0.020313 0.050000
8 0.427344 0.511111 0.015625 0.080556
4 0.380078 0.572917 0.096094 0.179167
4 0.250781 0.688194 0.289062 0.390278
8 0.653516 0.362500 0.008594 0.036111
8 0.657813 0.370833 0.015625 0.047222
14 0.511719 0.486806 0.015625 0.018056
