4 0.960156 0.563426 0.079687 0.147222
4 0.797656 0.512963 0.089063 0.105556
7 0.752865 0.488889 0.020313 0.088889
4 0.735677 0.481019 0.050521 0.071296
4 0.700781 0.466667 0.033854 0.053704
4 0.689323 0.445370 0.022396 0.022222
4 0.673698 0.435648 0.007812 0.013889
4 0.682813 0.438426 0.020833 0.015741
7 0.662240 0.433333 0.006771 0.018519
7 0.665885 0.434722 0.008854 0.015741
4 0.648958 0.424537 0.011458 0.017593
4 0.635417 0.428241 0.018750 0.026852
3 0.616927 0.412500 0.019271 0.025000
3 0.612760 0.421759 0.017188 0.030556
4 0.600781 0.425000 0.008854 0.014815
4 0.625781 0.442130 0.027604 0.039815
4 0.662240 0.489815 0.072396 0.100000
6 0.596875 0.433796 0.005208 0.008333
8 0.596354 0.426389 0.006250 0.017593
4 0.593229 0.489352 0.068750 0.104630
14 0.582552 0.422222 0.008854 0.012963
14 0.583333 0.427315 0.007292 0.017593
9 0.582031 0.398611 0.003646 0.010185
7 0.563542 0.430556 0.004167 0.022222
7 0.554948 0.430093 0.003646 0.021296
7 0.558073 0.430093 0.004687 0.021296
7 0.551042 0.429167 0.004167 0.023148
4 0.519531 0.430556 0.021354 0.027778
6 0.532552 0.439352 0.006771 0.017593
8 0.531771 0.432870 0.009375 0.028704
13 0.492969 0.428704 0.032813 0.088889
4 0.435677 0.439815 0.049479 0.031481
6 0.447656 0.466667 0.036979 0.048148
6 0.438021 0.471296 0.035417 0.055556
6 0.433594 0.477778 0.026562 0.046296
6 0.425260 0.486111 0.016146 0.051852
6 0.384635 0.500000 0.024479 0.061111
6 0.352865 0.467130 0.033854 0.021296
6 0.347135 0.497685 0.060937 0.091667
6 0.341406 0.506944 0.067187 0.095370
6 0.318229 0.520833 0.081250 0.086111
6 0.305208 0.465278 0.051042 0.052778
6 0.296094 0.533796 0.071354 0.093519
6 0.275521 0.540278 0.090625 0.100926
6 0.246875 0.489352 0.042708 0.063889
6 0.206510 0.484259 0.031771 0.068519
6 0.205208 0.559722 0.115625 0.150926
6 0.016927 0.452315 0.032813 0.062037
6 0.038281 0.464352 0.036979 0.063889
6 0.059896 0.470833 0.038542 0.065741
6 0.080469 0.471296 0.044271 0.070370
6 0.052344 0.531481 0.103646 0.129630
6 0.044271 0.626852 0.087500 0.283333
10 0.621094 0.370370 0.090104 0.029630
8 0.407813 0.481019 0.037500 0.117593
6 0.400260 0.502778 0.034896 0.081481
6 0.168750 0.504630 0.057292 0.131481
6 0.122135 0.487037 0.054688 0.138889
8 0.652344 0.437963 0.011979 0.014815
4 0.617969 0.428704 0.008854 0.014815
7 0.567969 0.428704 0.003646 0.029630
14 0.573958 0.427778 0.008333 0.011111
