14 0.495052 0.507870 0.010937 0.015741
4 0.492708 0.512500 0.006250 0.019444
3 0.508333 0.499537 0.017708 0.017593
13 0.528906 0.502778 0.018229 0.040741
8 0.502604 0.505093 0.004167 0.008333
8 0.496615 0.506481 0.005729 0.012963
4 0.516667 0.508333 0.036458 0.016667
4 0.517188 0.518056 0.047917 0.013889
4 0.482812 0.508796 0.022917 0.028704
4 0.468750 0.514352 0.030208 0.025000
13 0.434375 0.490741 0.036458 0.050000
8 0.415365 0.519444 0.007812 0.029630
6 0.415365 0.546296 0.006771 0.031481
8 0.420573 0.522222 0.010937 0.035185
4 0.441146 0.549537 0.046875 0.080556
1 0.399479 0.534722 0.028125 0.065741
8 0.394271 0.537963 0.015625 0.064815
6 0.395313 0.556019 0.013542 0.045370
3 0.324219 0.540278 0.148438 0.252778
4 0.504427 0.631944 0.141146 0.221296
14 0.578646 0.503241 0.016667 0.034259
1 0.614844 0.531019 0.032813 0.067593
4 0.726302 0.581944 0.104688 0.134259
4 0.820312 0.559259 0.070833 0.077778
4 0.919792 0.666667 0.160417 0.274074
7 0.662240 0.516204 0.006771 0.032407
7 0.672917 0.519907 0.005208 0.028704
7 0.656250 0.518056 0.004167 0.026852
6 0.120573 0.653241 0.076563 0.163889
8 0.128646 0.600463 0.053125 0.175000
9 0.469010 0.387037 0.007812 0.014815
8 0.581510 0.513889 0.008854 0.018519
