3 0.473698 0.498611 0.013021 0.025000
14 0.504167 0.498611 0.030208 0.026852
4 0.480729 0.508796 0.007292 0.004630
8 0.470573 0.519444 0.006771 0.024074
4 0.482292 0.517130 0.015625 0.012037
6 0.470573 0.527778 0.005729 0.007407
8 0.492448 0.506944 0.005729 0.012037
4 0.506250 0.520370 0.023958 0.027778
1 0.527604 0.510185 0.018750 0.011111
4 0.526563 0.526389 0.021875 0.032407
4 0.563542 0.528241 0.068750 0.091667
4 0.592969 0.575000 0.088021 0.140741
4 0.704688 0.639815 0.187500 0.253704
4 0.899219 0.761111 0.201563 0.477778
4 0.493750 0.526389 0.041667 0.026852
3 0.434635 0.493981 0.070312 0.076852
8 0.456250 0.520370 0.010417 0.022222
6 0.380469 0.562500 0.011979 0.049074
8 0.381250 0.541204 0.014583 0.065741
4 0.419531 0.561574 0.069271 0.121296
4 0.301042 0.617593 0.148958 0.207407
4 0.459896 0.539815 0.066667 0.016667
4 0.482812 0.697685 0.213542 0.362037
10 0.314583 0.419907 0.009375 0.037963
