10 0.293359 0.027778 0.132031 0.050000
10 0.487891 0.409028 0.032031 0.020833
14 0.478516 0.461806 0.011719 0.018056
3 0.491406 0.453472 0.015625 0.020833
3 0.514844 0.455556 0.017188 0.016667
14 0.503516 0.455556 0.010156 0.013889
4 0.487891 0.463889 0.013281 0.016667
1 0.508984 0.466667 0.022656 0.008333
14 0.468750 0.456250 0.006250 0.015278
8 0.470313 0.466667 0.006250 0.013889
8 0.463281 0.471528 0.007812 0.020833
8 0.455469 0.470139 0.006250 0.018056
6 0.459766 0.487500 0.005469 0.019444
8 0.454688 0.479167 0.006250 0.019444
8 0.451953 0.482639 0.008594 0.029167
8 0.447656 0.486111 0.012500 0.036111
6 0.451953 0.505556 0.007031 0.025000
6 0.448437 0.520833 0.009375 0.038889
8 0.438672 0.497917 0.022656 0.068056
6 0.433984 0.534722 0.017969 0.044444
8 0.476562 0.465972 0.004687 0.006944
8 0.488281 0.471528 0.004687 0.006944
4 0.475391 0.473611 0.021094 0.005556
14 0.493359 0.468056 0.010156 0.008333
4 0.532813 0.467361 0.015625 0.009722
4 0.515234 0.468056 0.024219 0.005556
4 0.553516 0.478472 0.032031 0.040278
4 0.566797 0.500694 0.038281 0.062500
14 0.581250 0.463194 0.015625 0.015278
14 0.544922 0.442361 0.014844 0.037500
3 0.618359 0.445833 0.080469 0.061111
4 0.609766 0.506250 0.080469 0.126389
14 0.657031 0.485417 0.015625 0.034722
4 0.728906 0.565972 0.201563 0.231944
3 0.881250 0.416667 0.237500 0.219444
4 0.507812 0.586806 0.139063 0.237500
4 0.949219 0.793056 0.101562 0.300000
7 0.455078 0.459722 0.003906 0.008333
13 0.716016 0.443750 0.046094 0.048611
