14 0.521484 0.465278 0.007031 0.008333
7 0.524219 0.468750 0.003125 0.012500
4 0.536328 0.470139 0.010156 0.012500
4 0.553516 0.473611 0.016406 0.019444
6 0.860547 0.565278 0.035156 0.097222
8 0.848047 0.518056 0.022656 0.063889
4 0.807422 0.552083 0.135156 0.148611
14 0.476562 0.465278 0.009375 0.016667
4 0.483594 0.466667 0.007812 0.011111
4 0.490625 0.470833 0.010937 0.022222
14 0.468359 0.470139 0.008594 0.015278
4 0.477344 0.474306 0.012500 0.020833
6 0.455078 0.484028 0.005469 0.018056
8 0.456250 0.478472 0.004687 0.018056
6 0.435156 0.504167 0.015625 0.041667
8 0.433984 0.485417 0.013281 0.031944
8 0.434375 0.491667 0.015625 0.041667
4 0.097656 0.775694 0.193750 0.437500
14 0.508984 0.457639 0.008594 0.015278
