4 0.445703 0.439583 0.008594 0.015278
4 0.428125 0.438194 0.009375 0.018056
4 0.432422 0.466667 0.021094 0.041667
1 0.522266 0.463194 0.024219 0.051389
1 0.542578 0.469444 0.030469 0.052778
6 0.542969 0.495139 0.020313 0.054167
8 0.542969 0.477778 0.015625 0.052778
4 0.614453 0.525000 0.105469 0.136111
4 0.441406 0.473611 0.023438 0.050000
13 0.479687 0.462500 0.059375 0.116667
4 0.490625 0.538889 0.096875 0.166667
6 0.403906 0.484028 0.028125 0.040278
8 0.398047 0.475000 0.011719 0.055556
4 0.853906 0.731944 0.292187 0.530556
7 0.446875 0.438889 0.003125 0.016667
