13 0.574609 0.469444 0.063281 0.038889
4 0.587891 0.509722 0.050781 0.080556
14 0.632031 0.478472 0.021875 0.037500
8 0.577734 0.519444 0.021094 0.094444
8 0.560156 0.511111 0.023438 0.077778
8 0.549609 0.541667 0.046094 0.130556
6 0.580469 0.535417 0.023438 0.068056
6 0.571094 0.545139 0.020313 0.079167
6 0.549609 0.601389 0.046094 0.161111
10 0.843750 0.352778 0.023438 0.041667
9 0.825391 0.336806 0.022656 0.012500
14 0.828906 0.511806 0.023438 0.037500
4 0.867188 0.503472 0.034375 0.040278
6 0.853906 0.519444 0.017188 0.025000
8 0.857422 0.505556 0.008594 0.030556
7 0.863672 0.527778 0.013281 0.066667
7 0.874609 0.530556 0.013281 0.069444
8 0.898047 0.509028 0.013281 0.026389
6 0.887109 0.525694 0.011719 0.015278
6 0.903906 0.546528 0.048438 0.045833
8 0.909766 0.527083 0.021094 0.059722
1 0.940625 0.507639 0.028125 0.026389
1 0.974219 0.534028 0.045312 0.073611
4 0.948047 0.527083 0.028906 0.043056
8 0.931641 0.519444 0.010156 0.041667
6 0.933594 0.543750 0.017188 0.031944
8 0.974219 0.520139 0.007812 0.026389
8 0.984766 0.520833 0.008594 0.025000
6 0.983203 0.552083 0.024219 0.043056
8 0.993750 0.522222 0.007812 0.022222
6 0.990234 0.547222 0.014844 0.033333
7 0.964453 0.551389 0.025781 0.088889
9 0.242188 0.265278 0.029687 0.030556
10 0.251172 0.302778 0.022656 0.052778
13 0.325781 0.443750 0.029687 0.059722
13 0.432031 0.559722 0.198437 0.491667
14 0.320703 0.497917 0.038281 0.068056
4 0.176563 0.656944 0.323437 0.383333
13 0.051172 0.514583 0.100781 0.323611
6 0.038281 0.890972 0.075000 0.218056
8 0.017188 0.911111 0.034375 0.069444
9 0.069922 0.329861 0.019531 0.081944
10 0.653906 0.288194 0.035937 0.065278
10 0.650391 0.334722 0.035156 0.019444
10 0.932813 0.462500 0.012500 0.016667
9 0.086328 0.383333 0.010156 0.013889
8 0.189844 0.454861 0.007812 0.006944
8 0.180078 0.457639 0.010156 0.012500
8 0.146094 0.454861 0.012500 0.018056
