3 0.512760 0.413426 0.010937 0.019444
14 0.502083 0.418519 0.008333 0.007407
1 0.499479 0.421296 0.008333 0.005556
8 0.508594 0.420370 0.003646 0.009259
4 0.499219 0.429167 0.010937 0.012037
4 0.518750 0.425463 0.012500 0.010185
4 0.509375 0.429630 0.009375 0.011111
4 0.502604 0.440278 0.018750 0.021296
6 0.545833 0.459259 0.008333 0.025926
8 0.545573 0.448148 0.009896 0.038889
4 0.552604 0.426389 0.007292 0.012037
3 0.569792 0.425000 0.014583 0.031481
4 0.559635 0.436574 0.016146 0.019444
8 0.487760 0.431944 0.005729 0.015741
8 0.479427 0.426852 0.003646 0.007407
8 0.474740 0.424074 0.003646 0.005556
8 0.469271 0.436111 0.007292 0.024074
6 0.482552 0.457407 0.007812 0.014815
8 0.484115 0.441204 0.010937 0.023148
6 0.488542 0.443056 0.006250 0.015741
6 0.473958 0.467593 0.014583 0.051852
8 0.475521 0.456019 0.014583 0.056481
8 0.501042 0.438889 0.007292 0.024074
6 0.507552 0.472685 0.017188 0.056481
8 0.508073 0.450926 0.014063 0.048148
6 0.494792 0.489815 0.022917 0.070370
8 0.495052 0.470370 0.021354 0.075926
1 0.525781 0.456481 0.027604 0.064815
8 0.591146 0.428241 0.006250 0.010185
8 0.596875 0.431481 0.003125 0.011111
4 0.591927 0.455093 0.029687 0.045370
4 0.609635 0.444907 0.024479 0.036111
1 0.639323 0.467130 0.032813 0.067593
6 0.664844 0.446759 0.006771 0.013889
8 0.664583 0.442593 0.005208 0.020370
7 0.654427 0.443981 0.005729 0.025000
13 0.699219 0.450000 0.032813 0.053704
4 0.680990 0.471296 0.039062 0.051852
6 0.700000 0.474074 0.008333 0.029630
8 0.697656 0.458796 0.006771 0.025000
6 0.731771 0.486111 0.019792 0.044444
8 0.732552 0.475000 0.014063 0.050000
4 0.788281 0.478241 0.039062 0.056481
4 0.826042 0.494907 0.068750 0.065741
4 0.842448 0.756481 0.315104 0.487037
7 0.254948 0.584259 0.061979 0.300000
8 0.492188 0.427778 0.004167 0.012963
3 0.538021 0.416667 0.020833 0.027778
8 0.557031 0.424537 0.001563 0.002778
