1 0.014323 0.560648 0.027604 0.078704
4 0.080469 0.566667 0.094271 0.077778
1 0.186979 0.564815 0.066667 0.096296
7 0.175000 0.580093 0.018750 0.099074
7 0.132812 0.574537 0.019792 0.106481
7 0.152083 0.577315 0.020833 0.112037
1 0.365625 0.596296 0.084375 0.175926
1 0.270313 0.624074 0.115625 0.227778
4 0.460938 0.510648 0.011458 0.023148
4 0.447917 0.523148 0.023958 0.037037
4 0.502344 0.510185 0.022396 0.037037
14 0.483594 0.501852 0.017188 0.018519
14 0.493229 0.494444 0.008333 0.014815
4 0.526042 0.527778 0.030208 0.046296
1 0.482812 0.569444 0.054167 0.124074
6 0.546615 0.555556 0.016146 0.048148
8 0.545833 0.535648 0.016667 0.063889
4 0.605729 0.524537 0.027083 0.030556
4 0.591927 0.515278 0.019271 0.025000
13 0.604688 0.499537 0.020833 0.032407
14 0.628125 0.520370 0.017708 0.037037
4 0.648177 0.540741 0.025521 0.059259
4 0.687760 0.539815 0.059896 0.061111
8 0.735417 0.523148 0.008333 0.020370
7 0.741667 0.520370 0.013542 0.027778
7 0.793229 0.523611 0.017708 0.043519
4 0.844531 0.581481 0.093229 0.122222
4 0.757031 0.696759 0.272396 0.375000
14 0.482812 0.486574 0.006250 0.010185
14 0.476042 0.487500 0.007292 0.013889
14 0.475521 0.478241 0.004167 0.006481
14 0.482552 0.475926 0.005729 0.007407
4 0.487240 0.481481 0.005729 0.007407
14 0.470313 0.496759 0.015625 0.023148
4 0.448437 0.503704 0.012500 0.009259
1 0.961979 0.516667 0.076042 0.027778
14 0.892448 0.568519 0.061979 0.131481
8 0.617708 0.510185 0.007292 0.016667
