4 0.473828 0.478472 0.007031 0.009722
4 0.496484 0.479167 0.007031 0.011111
4 0.491016 0.479861 0.007031 0.015278
1 0.483594 0.484028 0.009375 0.020833
4 0.504687 0.484028 0.012500 0.020833
6 0.510547 0.520833 0.017969 0.050000
8 0.511719 0.503472 0.017188 0.062500
13 0.599609 0.479861 0.091406 0.137500
4 0.655469 0.494444 0.020313 0.025000
14 0.460938 0.483333 0.009375 0.022222
8 0.473828 0.478472 0.003906 0.009722
6 0.473828 0.486806 0.005469 0.015278
14 0.433594 0.473611 0.007812 0.011111
14 0.426172 0.479167 0.008594 0.013889
4 0.408203 0.483333 0.008594 0.019444
4 0.382031 0.484722 0.012500 0.016667
6 0.414453 0.508333 0.011719 0.036111
8 0.415625 0.500000 0.015625 0.052778
7 0.325391 0.488194 0.005469 0.023611
6 0.326953 0.522222 0.013281 0.044444
8 0.328125 0.496528 0.010937 0.034722
1 0.354687 0.529167 0.051562 0.116667
4 0.194141 0.535417 0.110156 0.123611
6 0.066406 0.593056 0.060937 0.100000
8 0.066406 0.551389 0.040625 0.133333
6 0.003125 0.546528 0.004687 0.062500
13 0.828906 0.500694 0.342187 0.998611
6 0.454297 0.499306 0.007031 0.026389
8 0.455078 0.484722 0.008594 0.030556
0 0.508203 0.213889 0.010156 0.016667
