1 0.710938 0.525694 0.046875 0.068056
6 0.877344 0.588194 0.037500 0.079167
8 0.880078 0.542361 0.016406 0.040278
6 0.982812 0.580556 0.026562 0.061111
6 0.965625 0.583333 0.028125 0.088889
6 0.976953 0.620833 0.046094 0.088889
6 0.925391 0.597917 0.052344 0.118056
13 0.482422 0.472917 0.022656 0.029167
4 0.512891 0.476389 0.017969 0.025000
1 0.465625 0.481944 0.017188 0.019444
1 0.442578 0.484722 0.027344 0.030556
4 0.339062 0.497917 0.050000 0.065278
13 0.391797 0.495833 0.061719 0.150000
7 0.351172 0.498611 0.011719 0.072222
6 0.318359 0.518750 0.030469 0.048611
8 0.324219 0.501389 0.018750 0.077778
2 0.349219 0.537500 0.021875 0.066667
6 0.320703 0.547222 0.035156 0.111111
6 0.315625 0.563194 0.029687 0.087500
4 0.234766 0.599306 0.188281 0.209722
6 0.104297 0.666667 0.096094 0.222222
6 0.041797 0.753472 0.082031 0.206944
8 0.447656 0.482639 0.014063 0.018056
8 0.430078 0.491667 0.014844 0.030556
6 0.406250 0.554861 0.021875 0.045833
8 0.411328 0.508333 0.024219 0.063889
4 0.493359 0.493750 0.038281 0.059722
4 0.454688 0.575694 0.117188 0.170833
1 0.582031 0.657639 0.176563 0.376389
