10 0.445312 0.410417 0.007812 0.029167
8 0.475781 0.477778 0.007812 0.011111
8 0.465625 0.489583 0.007812 0.020833
6 0.456641 0.525694 0.017969 0.062500
8 0.457813 0.506944 0.017188 0.063889
6 0.468359 0.542361 0.013281 0.059722
8 0.466406 0.524306 0.012500 0.081944
1 0.600781 0.506944 0.018750 0.061111
3 0.557031 0.477778 0.079687 0.125000
4 0.562891 0.520139 0.057031 0.079167
1 0.501953 0.549306 0.064844 0.148611
4 0.693359 0.527083 0.053906 0.093056
13 0.635547 0.502083 0.066406 0.137500
1 0.846484 0.739583 0.307031 0.520833
