14 0.457422 0.481944 0.007031 0.013889
4 0.427734 0.484028 0.007031 0.015278
4 0.435547 0.493056 0.014844 0.030556
14 0.412500 0.485417 0.009375 0.015278
14 0.423047 0.490972 0.007031 0.018056
6 0.418359 0.500694 0.007031 0.018056
8 0.417969 0.490278 0.007812 0.025000
7 0.360156 0.477778 0.006250 0.008333
7 0.353125 0.495139 0.007812 0.048611
7 0.345703 0.495833 0.007031 0.050000
7 0.341797 0.493750 0.008594 0.051389
1 0.377344 0.526389 0.045312 0.105556
13 0.169531 0.625694 0.337500 0.748611
4 0.530859 0.488889 0.013281 0.030556
1 0.616016 0.512500 0.047656 0.069444
14 0.688672 0.488194 0.047656 0.020833
1 0.751953 0.511806 0.044531 0.051389
4 0.737500 0.532639 0.051562 0.081944
4 0.731250 0.540278 0.040625 0.088889
6 0.777734 0.543750 0.028906 0.056944
8 0.772266 0.525000 0.016406 0.066667
1 0.810937 0.518750 0.039062 0.054167
4 0.873828 0.544444 0.107031 0.105556
6 0.958594 0.578472 0.035937 0.084722
8 0.943750 0.536806 0.021875 0.059722
6 0.923828 0.605556 0.069531 0.119444
8 0.918359 0.570833 0.044531 0.161111
6 0.866406 0.605556 0.060937 0.133333
8 0.869141 0.558333 0.033594 0.150000
6 0.811328 0.612500 0.069531 0.133333
8 0.806641 0.557639 0.033594 0.123611
8 0.822656 0.568056 0.039062 0.130556
4 0.637500 0.559722 0.104688 0.147222
6 0.692578 0.647917 0.121094 0.212500
8 0.676953 0.590278 0.060156 0.230556
8 0.701562 0.591667 0.062500 0.233333
4 0.494531 0.551389 0.081250 0.136111
6 0.399219 0.574306 0.035937 0.087500
8 0.397656 0.533333 0.035937 0.111111
6 0.532813 0.627083 0.068750 0.165278
8 0.532422 0.566667 0.064844 0.180556
6 0.442188 0.660417 0.073438 0.190278
8 0.439063 0.584722 0.057813 0.219444
