14 0.457031 0.486806 0.007812 0.018056
4 0.425000 0.488194 0.017188 0.023611
13 0.445312 0.479861 0.020313 0.059722
4 0.463672 0.488194 0.007031 0.023611
1 0.483984 0.504861 0.039844 0.106944
7 0.359766 0.490972 0.005469 0.029167
4 0.369922 0.497917 0.019531 0.043056
7 0.348047 0.490972 0.007031 0.037500
10 0.252734 0.419444 0.010156 0.027778
10 0.252734 0.437500 0.010156 0.011111
1 0.397266 0.495833 0.039844 0.111111
6 0.409375 0.537500 0.023438 0.063889
8 0.412891 0.504167 0.013281 0.036111
8 0.407031 0.515972 0.020313 0.059722
7 0.331250 0.479167 0.007812 0.013889
4 0.258984 0.522222 0.025781 0.072222
4 0.206250 0.535417 0.096875 0.106944
1 0.300391 0.552778 0.089844 0.158333
4 0.042188 0.599306 0.046875 0.104167
1 0.026562 0.679861 0.051562 0.365278
14 0.569141 0.486806 0.017969 0.034722
