13 0.440104 0.507407 0.009375 0.012963
13 0.476823 0.502778 0.014063 0.022222
14 0.454167 0.508333 0.012500 0.016667
14 0.458854 0.510185 0.014583 0.009259
4 0.498437 0.527315 0.018750 0.026852
4 0.469010 0.517593 0.038021 0.009259
8 0.497917 0.525926 0.016667 0.029630
13 0.526563 0.507407 0.046875 0.072222
4 0.575000 0.513889 0.028125 0.024074
4 0.626823 0.518981 0.030729 0.039815
14 0.645833 0.503241 0.013542 0.012037
4 0.645312 0.524074 0.019792 0.024074
1 0.742448 0.527778 0.029687 0.033333
4 0.701562 0.536111 0.082292 0.070370
4 0.818750 0.550000 0.132292 0.077778
7 0.987760 0.528241 0.017188 0.056481
3 0.894531 0.562963 0.210938 0.244444
8 0.440885 0.515278 0.004687 0.010185
8 0.445573 0.513426 0.005729 0.012037
8 0.425521 0.512963 0.005208 0.011111
14 0.431250 0.520370 0.013542 0.009259
8 0.433854 0.517593 0.009375 0.014815
13 0.408854 0.508333 0.022917 0.038889
8 0.422135 0.523611 0.010937 0.023148
8 0.415365 0.521296 0.004687 0.018519
6 0.420052 0.537963 0.008854 0.012963
8 0.410677 0.529630 0.009896 0.035185
6 0.409896 0.543519 0.009375 0.020370
4 0.457292 0.531481 0.065625 0.022222
1 0.394271 0.531019 0.022917 0.039815
8 0.401302 0.532407 0.013021 0.037037
6 0.401823 0.544444 0.008854 0.027778
8 0.332031 0.516204 0.006771 0.010185
8 0.323437 0.518056 0.004167 0.006481
4 0.366667 0.549074 0.059375 0.081481
4 0.341406 0.591667 0.051562 0.150000
8 0.369010 0.622685 0.044271 0.182407
6 0.369271 0.662037 0.041667 0.137037
4 0.477344 0.690741 0.192188 0.305556
1 0.539323 0.522685 0.038021 0.034259
4 0.541667 0.536574 0.041667 0.028704
4 0.570573 0.541667 0.069271 0.038889
4 0.604427 0.633333 0.121354 0.220370
13 0.171615 0.597222 0.342187 0.805556
4 0.782292 0.748611 0.344792 0.408333
4 0.933594 0.897222 0.132812 0.205556
8 0.996094 0.554167 0.007812 0.043519
10 0.410417 0.408333 0.025000 0.025926
9 0.429948 0.389815 0.017188 0.012963
9 0.322656 0.463426 0.006771 0.047222
14 0.560156 0.498611 0.026562 0.023148
