4 0.326302 0.431481 0.007812 0.027778
4 0.339583 0.436574 0.016667 0.026852
3 0.364063 0.424074 0.041667 0.074074
3 0.410938 0.428704 0.059375 0.116667
3 0.481250 0.407870 0.086458 0.058333
3 0.535417 0.415278 0.039583 0.047222
4 0.547917 0.469907 0.050000 0.082407
4 0.575521 0.445833 0.037500 0.047222
4 0.731510 0.577778 0.280729 0.416667
4 0.924479 0.573611 0.151042 0.265741
8 0.580469 0.443056 0.011979 0.023148
8 0.578385 0.481481 0.028646 0.105556
6 0.577865 0.515741 0.036979 0.085185
8 0.561458 0.681019 0.133333 0.445370
6 0.554688 0.776389 0.115625 0.395370
1 0.480469 0.577315 0.118229 0.276852
4 0.472656 0.428704 0.030729 0.012963
8 0.495833 0.428241 0.008333 0.008333
8 0.429948 0.456944 0.024479 0.065741
4 0.425521 0.492593 0.016667 0.098148
8 0.407552 0.454630 0.017188 0.057407
6 0.407813 0.473148 0.023958 0.064815
8 0.362760 0.427778 0.006771 0.016667
8 0.368490 0.437500 0.008854 0.026852
8 0.378646 0.444907 0.019792 0.037963
8 0.363021 0.438426 0.009375 0.021296
8 0.355469 0.438426 0.008854 0.021296
8 0.343750 0.439815 0.012500 0.022222
4 0.335156 0.539815 0.152604 0.185185
8 0.314323 0.513889 0.051562 0.146296
8 0.366927 0.577778 0.076563 0.259259
6 0.359375 0.615741 0.089583 0.227778
6 0.307031 0.605093 0.076563 0.173148
8 0.014844 0.481019 0.028646 0.065741
4 0.146875 0.756481 0.292708 0.485185
9 0.836458 0.181019 0.025000 0.037963
8 0.222396 0.532407 0.058333 0.181481
6 0.215625 0.581944 0.071875 0.132407
