4 0.517708 0.586574 0.023958 0.058333
14 0.611979 0.558333 0.009375 0.016667
4 0.612240 0.586574 0.011979 0.052778
6 0.639583 0.598611 0.028125 0.054630
8 0.633073 0.578241 0.014063 0.056481
8 0.641406 0.581019 0.022396 0.060185
14 0.710677 0.541204 0.016146 0.015741
4 0.804427 0.550000 0.020313 0.018519
4 0.768750 0.548148 0.051042 0.012963
4 0.705990 0.599074 0.134896 0.111111
14 0.979427 0.535185 0.038021 0.014815
4 0.963542 0.575463 0.072917 0.067593
4 0.890625 0.618056 0.167708 0.158333
8 0.867708 0.547222 0.023958 0.048148
8 0.893750 0.553241 0.034375 0.065741
6 0.661198 0.571296 0.002604 0.007407
8 0.503125 0.578704 0.017708 0.057407
6 0.509635 0.616204 0.007812 0.047222
14 0.396615 0.552315 0.039062 0.006481
4 0.444010 0.596296 0.059896 0.127778
1 0.392188 0.592130 0.051042 0.075000
7 0.376042 0.641204 0.047917 0.182407
6 0.486979 0.679630 0.042708 0.100000
8 0.490104 0.586111 0.041667 0.094444
8 0.483854 0.625000 0.047917 0.148148
6 0.327344 0.840741 0.173437 0.312963
8 0.322396 0.766204 0.136458 0.439815
3 0.567187 0.567593 0.081250 0.203704
1 0.577344 0.613889 0.075521 0.172222
4 0.802083 0.777778 0.363542 0.444444
14 0.507031 0.555556 0.014063 0.014815
