4 0.495703 0.546528 0.044531 0.145833
8 0.527344 0.560417 0.053125 0.170833
6 0.517969 0.587500 0.051562 0.136111
7 0.657031 0.497222 0.017188 0.027778
7 0.668359 0.487500 0.010156 0.044444
7 0.719141 0.484028 0.008594 0.034722
8 0.722656 0.511111 0.017188 0.066667
6 0.724219 0.540278 0.035937 0.061111
8 0.757031 0.497222 0.015625 0.050000
8 0.798047 0.520833 0.021094 0.075000
6 0.802734 0.544444 0.036719 0.077778
1 0.418359 0.529861 0.127344 0.323611
7 0.260156 0.469444 0.009375 0.016667
8 0.245312 0.473611 0.006250 0.013889
8 0.281250 0.471528 0.010937 0.015278
4 0.309375 0.465972 0.040625 0.023611
1 0.316797 0.572917 0.092969 0.206944
4 0.240234 0.495139 0.047656 0.031944
4 0.264453 0.535417 0.072656 0.120833
8 0.258594 0.546528 0.032813 0.129167
8 0.247266 0.547917 0.039844 0.126389
6 0.252344 0.584028 0.050000 0.123611
13 0.160156 0.494444 0.145313 0.175000
1 0.165234 0.563889 0.119531 0.186111
1 0.128125 0.482639 0.043750 0.040278
14 0.337500 0.451389 0.029687 0.036111
4 0.596875 0.493056 0.015625 0.036111
8 0.251172 0.468750 0.007031 0.018056
4 0.340234 0.461806 0.022656 0.018056
