3 0.960156 0.431944 0.079687 0.211111
4 0.888672 0.511806 0.067969 0.037500
4 0.767578 0.600000 0.246094 0.269444
4 0.974609 0.831944 0.050781 0.261111
3 0.646094 0.451389 0.110937 0.077778
10 0.489063 0.413889 0.039062 0.022222
3 0.489453 0.463194 0.016406 0.029167
3 0.511328 0.462500 0.017969 0.019444
4 0.531250 0.475694 0.017188 0.012500
4 0.554688 0.499306 0.028125 0.070833
4 0.572266 0.509028 0.036719 0.068056
4 0.624219 0.525000 0.093750 0.136111
1 0.502344 0.474306 0.017188 0.012500
4 0.513672 0.476389 0.022656 0.008333
4 0.474609 0.481250 0.021094 0.009722
4 0.486328 0.473611 0.016406 0.016667
14 0.473047 0.470139 0.010156 0.015278
8 0.459766 0.482639 0.010156 0.029167
6 0.459766 0.498611 0.014844 0.025000
6 0.437500 0.527083 0.023438 0.065278
8 0.439063 0.506250 0.018750 0.054167
8 0.442578 0.493750 0.017969 0.045833
8 0.449219 0.477778 0.007812 0.030556
4 0.504687 0.585417 0.126562 0.209722
