8 0.397917 0.488426 0.044792 0.117593
6 0.397656 0.510185 0.036979 0.090741
6 0.230729 0.465278 0.034375 0.043519
7 0.255990 0.433333 0.013021 0.035185
7 0.271354 0.445370 0.011458 0.051852
7 0.259115 0.513889 0.034896 0.157407
7 0.081510 0.461574 0.025521 0.156481
8 0.085677 0.594444 0.086979 0.298148
6 0.060417 0.647222 0.119792 0.255556
4 0.471094 0.421759 0.007812 0.012037
14 0.480990 0.420833 0.009896 0.013889
4 0.472917 0.435185 0.009375 0.018519
4 0.478906 0.437500 0.014063 0.023148
8 0.487240 0.433333 0.007812 0.020370
6 0.486719 0.448148 0.008854 0.018519
1 0.502865 0.438889 0.014063 0.031481
6 0.501823 0.450000 0.009896 0.020370
8 0.502604 0.437500 0.009375 0.019444
4 0.511458 0.437037 0.004167 0.014815
13 0.525000 0.424074 0.028125 0.044444
4 0.542188 0.439352 0.015625 0.026852
4 0.552865 0.440741 0.015104 0.022222
8 0.555990 0.437500 0.007812 0.021296
4 0.586458 0.440741 0.032292 0.022222
14 0.567969 0.437037 0.013021 0.024074
6 0.557292 0.446759 0.010417 0.021296
14 0.608333 0.441667 0.020833 0.027778
4 0.622656 0.456481 0.023438 0.051852
13 0.651042 0.439352 0.039583 0.058333
4 0.651823 0.482407 0.055729 0.077778
8 0.621354 0.450926 0.012500 0.025926
6 0.620833 0.470833 0.019792 0.041667
4 0.676302 0.468519 0.017188 0.055556
3 0.739062 0.438889 0.115625 0.135185
4 0.742969 0.502315 0.116146 0.132407
3 0.900260 0.522685 0.196354 0.384259
7 0.516927 0.449537 0.006771 0.043519
4 0.584635 0.515278 0.097396 0.136111
