4 0.449479 0.453704 0.035417 0.057407
4 0.470573 0.469444 0.042188 0.064815
4 0.524219 0.510648 0.080729 0.130556
8 0.558073 0.445370 0.009896 0.020370
8 0.568229 0.444907 0.010417 0.021296
6 0.572396 0.464815 0.011458 0.016667
8 0.603646 0.450000 0.009375 0.042593
8 0.613542 0.452778 0.016667 0.035185
8 0.680990 0.459722 0.025521 0.052778
8 0.737760 0.471759 0.031771 0.065741
6 0.742448 0.520833 0.040104 0.095370
4 0.645312 0.636111 0.271875 0.383333
8 0.449219 0.457870 0.014063 0.049074
6 0.451042 0.480093 0.029167 0.047222
8 0.448958 0.489815 0.035417 0.116667
6 0.449219 0.538426 0.034896 0.093519
14 0.414323 0.425463 0.020313 0.023148
1 0.411198 0.469444 0.039062 0.083333
8 0.405729 0.462037 0.023958 0.053704
6 0.405729 0.489352 0.031250 0.076852
8 0.384375 0.465741 0.022917 0.072222
6 0.384635 0.513889 0.030729 0.098148
6 0.360677 0.533796 0.049479 0.134259
8 0.361198 0.496759 0.045312 0.125000
4 0.341667 0.452315 0.027083 0.047222
4 0.324479 0.481019 0.036458 0.086111
4 0.289062 0.485648 0.065625 0.123148
1 0.226302 0.500463 0.078646 0.152778
6 0.024219 0.453241 0.023438 0.071296
6 0.052344 0.451852 0.024479 0.077778
4 0.133594 0.562500 0.123438 0.230556
4 0.061458 0.630556 0.121875 0.287037
8 0.253906 0.597222 0.076563 0.264815
8 0.221354 0.596296 0.112500 0.270370
6 0.238802 0.689352 0.123438 0.256481
8 0.927865 0.525926 0.054688 0.159259
6 0.932292 0.568981 0.090625 0.149074
1 0.431771 0.450463 0.012500 0.045370
8 0.489844 0.445833 0.006771 0.013889
6 0.490365 0.454167 0.005729 0.010185
6 0.561198 0.464815 0.007812 0.022222
1 0.361458 0.442593 0.013542 0.031481
