13 0.316016 0.450694 0.069531 0.065278
10 0.287109 0.327083 0.019531 0.034722
1 0.437109 0.546528 0.147656 0.398611
4 0.685156 0.507639 0.043750 0.048611
7 0.788281 0.531250 0.014063 0.095833
10 0.803906 0.364583 0.021875 0.031944
1 0.836328 0.507639 0.035156 0.054167
1 0.902344 0.519444 0.050000 0.061111
8 0.879687 0.501389 0.007812 0.019444
6 0.837500 0.533333 0.042188 0.036111
7 0.824219 0.516667 0.009375 0.061111
7 0.833984 0.520139 0.011719 0.059722
8 0.843359 0.515278 0.016406 0.055556
7 0.864844 0.529167 0.020313 0.100000
6 0.899609 0.529861 0.013281 0.045833
6 0.889453 0.528472 0.013281 0.037500
8 0.897266 0.507639 0.007031 0.018056
8 0.906641 0.511111 0.008594 0.027778
7 0.915234 0.525694 0.011719 0.059722
14 0.519922 0.502083 0.044531 0.065278
6 0.525391 0.572917 0.036719 0.106944
8 0.523438 0.523611 0.029687 0.100000
6 0.552734 0.622917 0.055469 0.195833
8 0.551172 0.565972 0.055469 0.176389
9 0.166406 0.367361 0.014063 0.059722
4 0.009766 0.476389 0.017969 0.075000
9 0.175000 0.407639 0.012500 0.020833
4 0.225391 0.640278 0.292969 0.344444
6 0.094531 0.843750 0.187500 0.304167
8 0.075781 0.784722 0.150000 0.430556
10 0.593750 0.351389 0.021875 0.041667
9 0.924609 0.430556 0.013281 0.030556
14 0.559375 0.479167 0.026562 0.025000
9 0.280078 0.296528 0.022656 0.020833
9 0.786328 0.347222 0.014844 0.011111
14 0.023438 0.496528 0.025000 0.037500
1 0.341797 0.506944 0.042969 0.075000
8 0.514453 0.488194 0.011719 0.045833
6 0.808203 0.516667 0.007031 0.019444
8 0.813672 0.497222 0.007031 0.019444
8 0.806641 0.502083 0.008594 0.031944
1 0.948047 0.524306 0.032031 0.068056
