3 0.447396 0.427778 0.013542 0.042593
13 0.465625 0.424074 0.017708 0.050000
4 0.472656 0.441204 0.013021 0.028704
4 0.484896 0.443519 0.022917 0.035185
8 0.454167 0.441204 0.010417 0.028704
6 0.453906 0.449537 0.006771 0.023148
14 0.417448 0.426389 0.006771 0.026852
14 0.412760 0.432407 0.005729 0.016667
6 0.404687 0.445833 0.010417 0.026852
8 0.403646 0.441204 0.008333 0.026852
13 0.430469 0.416667 0.022396 0.037037
4 0.432812 0.459722 0.041667 0.065741
14 0.359115 0.425926 0.023438 0.042593
4 0.281771 0.451389 0.026042 0.037963
6 0.254167 0.457870 0.012500 0.036111
8 0.251823 0.452315 0.011979 0.049074
6 0.147656 0.488889 0.009896 0.027778
8 0.146094 0.460648 0.010937 0.039815
4 0.511719 0.434259 0.005729 0.016667
4 0.522656 0.439352 0.017188 0.023148
6 0.541146 0.440741 0.008333 0.016667
3 0.566406 0.431019 0.030729 0.034259
6 0.569531 0.447222 0.008854 0.018519
8 0.569010 0.440278 0.007812 0.026852
6 0.619010 0.453704 0.011979 0.025926
8 0.617969 0.446296 0.010937 0.038889
4 0.850000 0.500926 0.122917 0.116667
10 0.976823 0.416667 0.026562 0.035185
4 0.719271 0.630556 0.290625 0.364815
6 0.644531 0.453704 0.017188 0.022222
8 0.642969 0.444907 0.014063 0.037963
8 0.542448 0.434722 0.003646 0.010185
14 0.384896 0.433333 0.009375 0.018519
