6 0.398047 0.524306 0.024219 0.062500
8 0.399219 0.508333 0.018750 0.083333
1 0.455469 0.491667 0.035937 0.050000
4 0.473047 0.486111 0.010156 0.027778
4 0.488672 0.480556 0.019531 0.022222
4 0.517578 0.475000 0.014844 0.016667
4 0.531250 0.479861 0.015625 0.020833
4 0.545703 0.488889 0.019531 0.036111
4 0.560547 0.488889 0.022656 0.033333
4 0.593359 0.492361 0.024219 0.045833
6 0.626172 0.521528 0.021094 0.056944
8 0.626953 0.506944 0.016406 0.066667
6 0.673828 0.519444 0.011719 0.036111
8 0.671094 0.506250 0.010937 0.051389
6 0.667188 0.526389 0.017188 0.036111
8 0.665625 0.506250 0.014063 0.048611
4 0.641016 0.492361 0.044531 0.037500
6 0.727734 0.536806 0.027344 0.051389
8 0.726172 0.520139 0.014844 0.065278
6 0.723437 0.536806 0.014063 0.029167
8 0.721484 0.519444 0.013281 0.047222
6 0.807031 0.525694 0.031250 0.040278
6 0.907813 0.587500 0.070312 0.125000
8 0.902344 0.553472 0.026562 0.140278
6 0.978516 0.587500 0.042969 0.102778
8 0.988281 0.561111 0.023438 0.127778
4 0.126953 0.782639 0.252344 0.434722
9 0.610547 0.263889 0.017969 0.044444
9 0.444531 0.364583 0.015625 0.006944
14 0.505469 0.471528 0.004687 0.012500
14 0.518750 0.468750 0.012500 0.018056
7 0.542578 0.494444 0.007031 0.044444
8 0.737500 0.500694 0.009375 0.031944
6 0.737500 0.515278 0.007812 0.022222
6 0.823047 0.526389 0.013281 0.033333
