1 0.476953 0.486111 0.016406 0.027778
1 0.491797 0.480556 0.008594 0.022222
4 0.506250 0.483333 0.007812 0.016667
3 0.551172 0.479167 0.083594 0.116667
7 0.602344 0.490972 0.004687 0.034722
14 0.446875 0.479861 0.010937 0.023611
8 0.470313 0.519444 0.017188 0.075000
8 0.462500 0.475694 0.012500 0.020833
8 0.480859 0.499306 0.021094 0.040278
4 0.423438 0.482639 0.031250 0.037500
6 0.478906 0.529861 0.018750 0.059722
6 0.461328 0.568750 0.041406 0.123611
8 0.457031 0.538194 0.040625 0.129167
14 0.392188 0.494444 0.021875 0.041667
4 0.365234 0.520139 0.047656 0.106944
4 0.217188 0.478472 0.082812 0.040278
4 0.296875 0.522222 0.114062 0.138889
7 0.393359 0.515972 0.013281 0.081944
4 0.221094 0.560417 0.129688 0.154167
2 0.408203 0.547222 0.019531 0.075000
8 0.413281 0.523611 0.014063 0.102778
8 0.404687 0.517361 0.023438 0.087500
4 0.045703 0.769444 0.089844 0.244444
2 0.146484 0.827778 0.172656 0.344444
8 0.180859 0.730556 0.091406 0.422222
8 0.141406 0.735417 0.114062 0.412500
4 0.907422 0.675694 0.185156 0.326389
4 0.807031 0.506250 0.025000 0.062500
4 0.499609 0.478472 0.007031 0.012500
4 0.485156 0.468056 0.012500 0.016667
