4 0.481641 0.464583 0.014844 0.009722
14 0.493750 0.462500 0.009375 0.016667
14 0.503906 0.463889 0.015625 0.016667
4 0.514453 0.468056 0.008594 0.011111
4 0.519531 0.470139 0.007812 0.006944
8 0.514062 0.470139 0.003125 0.006944
13 0.538672 0.465278 0.038281 0.066667
4 0.590625 0.471528 0.020313 0.009722
14 0.609766 0.471528 0.013281 0.012500
4 0.602344 0.489583 0.023438 0.026389
8 0.671094 0.490278 0.006250 0.022222
4 0.696875 0.515278 0.054688 0.069444
6 0.736328 0.528472 0.019531 0.043056
8 0.734766 0.515972 0.014844 0.059722
13 0.805078 0.500694 0.080469 0.120833
4 0.857812 0.554167 0.093750 0.094444
4 0.477344 0.482639 0.017188 0.026389
4 0.489453 0.484028 0.028906 0.020833
14 0.520312 0.484028 0.021875 0.020833
8 0.534766 0.481944 0.011719 0.030556
1 0.562109 0.472222 0.027344 0.011111
4 0.577734 0.538889 0.071094 0.133333
13 0.647656 0.529861 0.082812 0.137500
6 0.634766 0.568750 0.038281 0.104167
6 0.702344 0.565278 0.040625 0.111111
8 0.632031 0.542361 0.037500 0.140278
8 0.693750 0.546528 0.035937 0.137500
8 0.705078 0.540278 0.036719 0.111111
6 0.763281 0.592361 0.068750 0.120833
8 0.764844 0.556250 0.040625 0.154167
8 0.873437 0.535417 0.029687 0.081944
6 0.864453 0.556944 0.036719 0.047222
4 0.505859 0.486806 0.042969 0.018056
8 0.501563 0.481250 0.009375 0.023611
14 0.463672 0.472222 0.011719 0.027778
3 0.409766 0.450000 0.099219 0.166667
8 0.457422 0.509028 0.021094 0.084722
4 0.514453 0.611111 0.149219 0.247222
8 0.453906 0.479861 0.009375 0.026389
8 0.426172 0.519444 0.024219 0.105556
6 0.430859 0.545833 0.032031 0.069444
1 0.325781 0.534722 0.078125 0.161111
1 0.359766 0.576389 0.117969 0.225000
8 0.401562 0.583333 0.070312 0.211111
6 0.399609 0.675694 0.077344 0.198611
6 0.189844 0.581250 0.071875 0.154167
8 0.196094 0.538889 0.046875 0.158333
4 0.027344 0.484722 0.053125 0.125000
6 0.014453 0.618056 0.027344 0.097222
4 0.081641 0.828472 0.161719 0.343056
4 0.870313 0.731250 0.259375 0.537500
6 0.453906 0.536806 0.012500 0.040278
