6 0.477344 0.504167 0.007812 0.016667
8 0.476953 0.490972 0.008594 0.020833
13 0.553906 0.469444 0.015625 0.041667
13 0.492188 0.483333 0.025000 0.063889
1 0.500000 0.497222 0.014063 0.047222
4 0.596875 0.488889 0.017188 0.025000
4 0.581250 0.487500 0.021875 0.025000
4 0.564063 0.493056 0.026562 0.027778
13 0.525000 0.495833 0.045312 0.111111
14 0.633594 0.483333 0.040625 0.022222
8 0.607031 0.485417 0.006250 0.015278
4 0.684766 0.493750 0.014844 0.029167
3 0.845703 0.477778 0.036719 0.044444
8 0.854688 0.485417 0.009375 0.020833
4 0.927734 0.527778 0.144531 0.141667
4 0.859375 0.531944 0.084375 0.111111
1 0.669531 0.490972 0.021875 0.040278
6 0.660937 0.502083 0.014063 0.031944
8 0.660156 0.484722 0.012500 0.025000
6 0.700781 0.506250 0.017188 0.031944
8 0.700391 0.486806 0.011719 0.040278
4 0.632031 0.518056 0.057813 0.088889
8 0.634766 0.508333 0.017969 0.055556
1 0.768359 0.588889 0.142969 0.238889
4 0.593359 0.618056 0.155469 0.252778
10 0.668750 0.110417 0.662500 0.215278
7 0.244922 0.435417 0.017969 0.073611
