10 0.488281 0.410417 0.034375 0.020833
3 0.512109 0.459722 0.017969 0.022222
3 0.489844 0.456944 0.017188 0.022222
4 0.531250 0.474306 0.015625 0.020833
14 0.478516 0.463194 0.007031 0.015278
14 0.472656 0.465972 0.010937 0.012500
14 0.464062 0.468750 0.006250 0.009722
8 0.452344 0.470139 0.007812 0.012500
8 0.461328 0.481944 0.007031 0.022222
8 0.456641 0.479861 0.010156 0.023611
6 0.457422 0.497222 0.010156 0.025000
8 0.442578 0.472222 0.008594 0.013889
8 0.447656 0.482639 0.010937 0.029167
8 0.445312 0.486111 0.012500 0.030556
8 0.439453 0.504861 0.021094 0.068056
6 0.437500 0.525000 0.021875 0.063889
4 0.473438 0.490278 0.023438 0.036111
4 0.491406 0.473611 0.012500 0.011111
1 0.504297 0.472917 0.016406 0.015278
4 0.514844 0.474306 0.020313 0.009722
4 0.553906 0.488889 0.032813 0.052778
4 0.571875 0.506944 0.045312 0.066667
3 0.644922 0.455556 0.096094 0.086111
4 0.859375 0.505556 0.039062 0.036111
4 0.620703 0.517361 0.091406 0.134722
4 0.757812 0.589583 0.235937 0.259722
4 0.505469 0.581250 0.126562 0.215278
3 0.934375 0.426389 0.131250 0.213889
4 0.964453 0.818056 0.071094 0.283333
8 0.476562 0.468750 0.004687 0.006944
14 0.486328 0.468056 0.013281 0.013889
14 0.583203 0.470833 0.022656 0.013889
