1 0.441406 0.484028 0.017188 0.029167
8 0.425781 0.477778 0.007812 0.019444
4 0.473438 0.475694 0.048438 0.034722
8 0.420703 0.484722 0.010156 0.027778
8 0.432422 0.508333 0.025781 0.058333
6 0.430078 0.553472 0.017969 0.051389
4 0.454688 0.570833 0.043750 0.161111
1 0.526172 0.642361 0.152344 0.343056
8 0.705469 0.518056 0.007812 0.038889
7 0.717969 0.502778 0.009375 0.047222
7 0.725391 0.491667 0.008594 0.038889
6 0.706641 0.525694 0.013281 0.018056
6 0.726172 0.536806 0.019531 0.043056
7 0.740234 0.529861 0.014844 0.081944
6 0.758203 0.540972 0.019531 0.048611
6 0.775391 0.548611 0.032031 0.050000
8 0.780469 0.524306 0.017188 0.076389
6 0.789062 0.556944 0.014063 0.047222
6 0.822656 0.559028 0.060937 0.062500
6 0.866016 0.575000 0.028906 0.061111
6 0.918750 0.578472 0.079687 0.095833
6 0.967578 0.600694 0.064844 0.106944
7 0.919531 0.565972 0.025000 0.154167
8 0.976562 0.579167 0.039062 0.130556
8 0.415234 0.542361 0.021094 0.137500
6 0.416016 0.581944 0.019531 0.088889
8 0.374609 0.465278 0.011719 0.008333
8 0.269922 0.474306 0.016406 0.026389
7 0.236719 0.503472 0.014063 0.048611
1 0.323437 0.658333 0.181250 0.375000
7 0.225391 0.491667 0.010156 0.022222
7 0.214844 0.500000 0.021875 0.050000
7 0.160547 0.563889 0.044531 0.113889
8 0.125781 0.634028 0.079687 0.265278
6 0.120703 0.756250 0.086719 0.265278
6 0.186328 0.831250 0.278906 0.337500
8 0.213672 0.759028 0.139844 0.481944
4 0.403906 0.132639 0.360938 0.187500
