13 0.425781 0.456944 0.028125 0.036111
13 0.442578 0.459722 0.005469 0.027778
4 0.453125 0.456944 0.017188 0.011111
14 0.475000 0.450000 0.021875 0.016667
1 0.416016 0.489583 0.011719 0.037500
1 0.429297 0.488889 0.028906 0.041667
8 0.391406 0.468750 0.004687 0.009722
1 0.398828 0.490972 0.028906 0.043056
4 0.465234 0.476389 0.052344 0.038889
7 0.332813 0.501389 0.015625 0.088889
8 0.381641 0.492361 0.008594 0.029167
6 0.391406 0.522222 0.007812 0.030556
8 0.394141 0.490278 0.011719 0.036111
6 0.397656 0.545139 0.015625 0.056944
8 0.401953 0.501389 0.021094 0.052778
8 0.375000 0.501389 0.015625 0.058333
6 0.312891 0.565972 0.036719 0.104167
8 0.316797 0.527778 0.021094 0.080556
8 0.302734 0.515972 0.019531 0.065278
6 0.288672 0.663194 0.071094 0.187500
8 0.300000 0.610417 0.068750 0.226389
7 0.239453 0.540278 0.022656 0.147222
1 0.125391 0.743056 0.249219 0.513889
6 0.364453 0.604861 0.057031 0.170833
8 0.363672 0.580556 0.057031 0.191667
6 0.413281 0.635417 0.051562 0.109722
8 0.421094 0.554167 0.042188 0.150000
1 0.508984 0.650000 0.163281 0.352778
7 0.700781 0.515278 0.006250 0.038889
6 0.710547 0.515972 0.014844 0.040278
6 0.716016 0.538889 0.025781 0.047222
6 0.738281 0.544444 0.031250 0.058333
6 0.755859 0.554167 0.022656 0.050000
7 0.800781 0.506250 0.010937 0.037500
7 0.810547 0.506944 0.013281 0.052778
7 0.828125 0.515278 0.014063 0.072222
6 0.817187 0.536806 0.025000 0.045833
6 0.827344 0.570833 0.037500 0.058333
6 0.792188 0.589583 0.071875 0.115278
8 0.769922 0.550694 0.030469 0.120833
8 0.798828 0.553472 0.049219 0.126389
6 0.868359 0.603472 0.064844 0.134722
8 0.867188 0.563194 0.048438 0.137500
6 0.940234 0.647222 0.119531 0.155556
8 0.910937 0.579167 0.034375 0.177778
8 0.945703 0.593750 0.060156 0.209722
14 0.403516 0.463889 0.016406 0.013889
6 0.966797 0.554861 0.035156 0.040278
8 0.989453 0.518750 0.014844 0.045833
4 0.496484 0.462500 0.019531 0.016667
