13 0.136458 0.409722 0.231250 0.387963
13 0.339323 0.468981 0.270313 0.421296
13 0.475781 0.420833 0.033854 0.060185
1 0.171354 0.553704 0.120833 0.225926
7 0.040885 0.631481 0.080729 0.383333
7 0.504427 0.432870 0.007812 0.023148
7 0.499479 0.455556 0.009375 0.048148
6 0.469792 0.489815 0.014583 0.048148
8 0.468490 0.456944 0.017188 0.047222
8 0.475260 0.439815 0.006771 0.020370
6 0.485677 0.497685 0.024479 0.063889
8 0.479948 0.487500 0.026562 0.113889
6 0.511979 0.517130 0.032292 0.099074
8 0.512500 0.465278 0.027083 0.058333
8 0.512240 0.475000 0.024479 0.064815
6 0.546875 0.546759 0.047917 0.123148
8 0.547396 0.508333 0.043750 0.144444
7 0.704688 0.517593 0.046875 0.312963
6 0.562760 0.659259 0.086979 0.307407
8 0.565104 0.564815 0.088542 0.231481
8 0.553646 0.609259 0.090625 0.296296
6 0.488802 0.575926 0.043229 0.159259
8 0.492188 0.527315 0.044792 0.176852
8 0.479427 0.537037 0.051562 0.164815
13 0.016927 0.481019 0.032813 0.339815
10 0.976042 0.028704 0.047917 0.055556
14 0.449479 0.431481 0.027083 0.035185
6 0.511979 0.440278 0.010417 0.023148
6 0.527344 0.444444 0.024479 0.027778
7 0.530469 0.443056 0.015104 0.060185
10 0.558073 0.334722 0.024479 0.037963
10 0.558333 0.363889 0.020833 0.011111
0 0.737240 0.524074 0.066146 0.181481
