10 0.514062 0.417130 0.021875 0.012037
4 0.535677 0.589815 0.040104 0.077778
8 0.545573 0.567593 0.013021 0.027778
8 0.537760 0.597685 0.020313 0.078704
6 0.534635 0.616204 0.020313 0.063889
4 0.514323 0.586574 0.015104 0.065741
1 0.492708 0.566667 0.029167 0.029630
4 0.518229 0.665741 0.011458 0.118519
10 0.453906 0.505556 0.017188 0.027778
1 0.452083 0.735185 0.181250 0.362963
4 0.305208 0.561574 0.037500 0.037963
4 0.335417 0.565278 0.035417 0.028704
7 0.397656 0.552315 0.005729 0.028704
7 0.404687 0.549537 0.006250 0.026852
7 0.330208 0.567130 0.013542 0.078704
7 0.335156 0.568981 0.023438 0.095370
8 0.210156 0.539352 0.005729 0.012037
8 0.200521 0.537037 0.008333 0.016667
8 0.216146 0.539815 0.008333 0.018519
4 0.255729 0.539352 0.061458 0.030556
1 0.168490 0.775000 0.335938 0.450000
14 0.647135 0.537500 0.009896 0.008333
4 0.666927 0.564352 0.081771 0.049074
4 0.585938 0.630093 0.089583 0.167593
1 0.707031 0.571296 0.006771 0.033333
4 0.633333 0.715278 0.192708 0.323148
3 0.907813 0.577315 0.183333 0.182407
6 0.706510 0.624074 0.022396 0.053704
8 0.705729 0.598148 0.010417 0.062963
8 0.713281 0.598148 0.019271 0.070370
4 0.900260 0.611574 0.104688 0.078704
14 0.967969 0.643981 0.053646 0.076852
1 0.764323 0.593981 0.095312 0.073148
4 0.847135 0.732407 0.267188 0.283333
6 0.669792 0.856944 0.116667 0.284259
6 0.826042 0.827315 0.140625 0.332407
8 0.663542 0.754167 0.104167 0.343519
8 0.807031 0.769907 0.106771 0.415741
4 0.981771 0.896296 0.036458 0.196296
7 0.442448 0.548148 0.008854 0.012963
