14 0.492969 0.481250 0.006250 0.009722
14 0.497266 0.481250 0.005469 0.009722
14 0.501563 0.481250 0.004687 0.009722
4 0.537500 0.490278 0.018750 0.033333
1 0.580078 0.559028 0.086719 0.173611
4 0.617969 0.521528 0.017188 0.059722
4 0.691406 0.566667 0.121875 0.138889
13 0.868359 0.590278 0.263281 0.438889
3 0.466016 0.461806 0.021094 0.031944
4 0.469922 0.488889 0.017969 0.036111
4 0.462109 0.497917 0.014844 0.059722
4 0.424219 0.533333 0.057813 0.108333
4 0.368359 0.558333 0.128906 0.177778
1 0.194141 0.647222 0.222656 0.388889
13 0.431641 0.472222 0.061719 0.119444
14 0.481250 0.484028 0.009375 0.020833
14 0.488672 0.480556 0.007031 0.013889
