4 0.500000 0.466667 0.010937 0.016667
3 0.532422 0.459722 0.024219 0.025000
1 0.510938 0.469444 0.021875 0.011111
1 0.488672 0.476389 0.021094 0.027778
4 0.542188 0.465278 0.025000 0.019444
4 0.512891 0.508333 0.032031 0.069444
4 0.542969 0.488194 0.035937 0.031944
4 0.577734 0.470139 0.013281 0.012500
4 0.601953 0.481944 0.033594 0.041667
4 0.629687 0.467361 0.015625 0.015278
4 0.584375 0.488889 0.060937 0.027778
1 0.667188 0.541667 0.068750 0.152778
4 0.780469 0.545833 0.162500 0.175000
4 0.625781 0.492361 0.017188 0.040278
4 0.866797 0.494444 0.032031 0.038889
8 0.489453 0.479167 0.008594 0.019444
8 0.495703 0.509722 0.019531 0.083333
8 0.519922 0.506250 0.024219 0.065278
6 0.492578 0.541667 0.017969 0.055556
6 0.473438 0.546528 0.026562 0.101389
8 0.475781 0.529167 0.031250 0.125000
4 0.589453 0.616667 0.178906 0.236111
4 0.888672 0.634028 0.047656 0.056944
4 0.882031 0.765278 0.235937 0.463889
7 0.137500 0.541667 0.043750 0.297222
7 0.169531 0.581250 0.054688 0.343056
7 0.457422 0.476389 0.007031 0.038889
7 0.468750 0.471528 0.010937 0.026389
8 0.571094 0.465972 0.009375 0.015278
8 0.558203 0.469444 0.008594 0.011111
8 0.590625 0.468750 0.009375 0.012500
