14 0.502083 0.509722 0.013542 0.010185
13 0.522396 0.501852 0.021875 0.027778
14 0.464844 0.499074 0.006771 0.024074
3 0.447135 0.499537 0.028646 0.037963
13 0.481250 0.497222 0.026042 0.037037
3 0.413021 0.487963 0.043750 0.062963
4 0.497917 0.522222 0.016667 0.022222
4 0.524219 0.525000 0.018229 0.024074
8 0.508854 0.513426 0.004167 0.004630
4 0.510938 0.537500 0.032292 0.043519
1 0.400260 0.511111 0.014063 0.012963
8 0.417448 0.514352 0.005729 0.008333
8 0.425781 0.517593 0.006771 0.020370
4 0.411458 0.545833 0.032292 0.056481
8 0.415104 0.534259 0.014583 0.037037
8 0.427083 0.520370 0.007292 0.018519
8 0.430990 0.519907 0.008854 0.019444
4 0.439844 0.519907 0.008854 0.015741
4 0.474219 0.531481 0.064062 0.040741
4 0.444531 0.552778 0.085938 0.053704
8 0.450781 0.538426 0.030729 0.047222
8 0.483854 0.537500 0.029167 0.034259
3 0.330208 0.534722 0.127083 0.360185
6 0.374479 0.625000 0.030208 0.148148
8 0.381771 0.585185 0.033333 0.131481
3 0.173437 0.593519 0.343750 0.729630
13 0.609896 0.433796 0.163542 0.317593
4 0.733854 0.703704 0.231250 0.331481
4 0.507031 0.773611 0.382812 0.452778
4 0.028385 0.961111 0.054688 0.077778
4 0.929688 0.863889 0.140625 0.266667
4 0.720313 0.540741 0.026042 0.025926
4 0.698177 0.537037 0.031771 0.027778
8 0.798177 0.556019 0.013021 0.036111
8 0.806771 0.558796 0.017708 0.037963
8 0.339583 0.607407 0.031250 0.177778
8 0.330208 0.589815 0.025000 0.150000
