8 0.402865 0.435185 0.013021 0.025926
6 0.408333 0.444444 0.007292 0.012963
4 0.372656 0.451389 0.066146 0.045370
1 0.267448 0.443056 0.036979 0.050926
4 0.235937 0.441667 0.091667 0.061111
4 0.122135 0.443519 0.092188 0.044444
8 0.017969 0.436111 0.004687 0.016667
8 0.023438 0.437963 0.009375 0.031481
8 0.007292 0.437963 0.009375 0.042593
6 0.027604 0.445833 0.020833 0.026852
6 0.007812 0.447685 0.014583 0.021296
4 0.472396 0.451389 0.061458 0.054630
14 0.525781 0.451852 0.024479 0.029630
8 0.549740 0.433333 0.005729 0.020370
8 0.554948 0.434259 0.008854 0.038889
8 0.566667 0.432407 0.005208 0.022222
14 0.709896 0.442593 0.029167 0.024074
4 0.741406 0.454630 0.050521 0.044444
8 0.713021 0.475463 0.019792 0.076852
8 0.764583 0.440741 0.011458 0.033333
8 0.765104 0.462963 0.010417 0.050000
8 0.731250 0.512037 0.020833 0.148148
8 0.744271 0.455556 0.015625 0.042593
8 0.750521 0.530556 0.038542 0.153704
6 0.732031 0.562963 0.025521 0.107407
3 0.872917 0.448611 0.253125 0.787963
6 0.804167 0.793981 0.168750 0.360185
8 0.778125 0.687500 0.145833 0.486111
6 0.947656 0.818981 0.104688 0.356481
8 0.963542 0.868981 0.072917 0.262037
8 0.443750 0.434259 0.007292 0.038889
8 0.456771 0.452315 0.022917 0.058333
6 0.457552 0.467130 0.027604 0.036111
8 0.534896 0.482407 0.037500 0.111111
8 0.555208 0.482407 0.032292 0.116667
6 0.529167 0.518981 0.027083 0.112037
6 0.550521 0.578241 0.028125 0.093519
1 0.644792 0.591204 0.158333 0.347222
6 0.593750 0.762500 0.180208 0.330556
8 0.589063 0.627778 0.091667 0.305556
8 0.444010 0.483796 0.024479 0.087963
8 0.471354 0.542593 0.041667 0.214815
8 0.504687 0.575000 0.079167 0.261111
6 0.503385 0.606944 0.091146 0.249074
6 0.463021 0.589352 0.037500 0.121296
8 0.434115 0.496759 0.026562 0.089815
8 0.415104 0.579630 0.073958 0.259259
6 0.414844 0.625000 0.079687 0.214815
9 0.511979 0.236111 0.021875 0.107407
9 0.568750 0.287500 0.012500 0.052778
9 0.567187 0.394444 0.010417 0.024074
6 0.715104 0.541204 0.012500 0.065741
9 0.519271 0.317130 0.021875 0.034259
9 0.562500 0.347685 0.009375 0.039815
10 0.473958 0.407407 0.007292 0.018519
