3 0.402865 0.410648 0.034896 0.060185
3 0.449479 0.411111 0.055208 0.066667
1 0.408594 0.463889 0.044271 0.088889
4 0.495833 0.421296 0.014583 0.012963
1 0.475521 0.427315 0.031250 0.030556
4 0.527865 0.442130 0.029687 0.062037
4 0.513542 0.454167 0.046875 0.076852
4 0.446875 0.438889 0.033333 0.024074
4 0.497917 0.499537 0.069792 0.150926
8 0.441146 0.437963 0.011458 0.027778
8 0.448437 0.435185 0.011458 0.024074
13 0.342708 0.406944 0.087500 0.160185
1 0.359375 0.471296 0.045833 0.105556
8 0.324479 0.440741 0.007292 0.025926
8 0.317708 0.436111 0.016667 0.025926
8 0.284896 0.424537 0.013542 0.025000
6 0.398698 0.487037 0.022396 0.064815
8 0.404948 0.453241 0.021354 0.060185
4 0.454167 0.566204 0.153125 0.263889
3 0.147396 0.469907 0.293750 0.600926
4 0.278385 0.621759 0.191146 0.367593
13 0.550260 0.414352 0.023438 0.036111
4 0.543229 0.429630 0.012500 0.018519
9 0.575521 0.358796 0.008333 0.032407
9 0.665104 0.361574 0.011458 0.045370
3 0.728385 0.431944 0.023438 0.032407
3 0.622917 0.423148 0.009375 0.029630
14 0.646354 0.426852 0.037500 0.035185
4 0.562760 0.437037 0.033854 0.027778
4 0.894010 0.463889 0.079687 0.061111
6 0.939583 0.475000 0.020833 0.033333
8 0.935156 0.461574 0.017188 0.060185
8 0.858854 0.442130 0.008333 0.017593
8 0.868490 0.438889 0.005729 0.011111
7 0.735938 0.438889 0.006250 0.022222
7 0.729427 0.439815 0.007812 0.022222
7 0.743229 0.437500 0.007292 0.030556
8 0.751042 0.442130 0.010417 0.039815
3 0.950781 0.434722 0.098437 0.100926
10 0.926042 0.181944 0.075000 0.141667
10 0.590365 0.337037 0.010937 0.025926
14 0.700000 0.438426 0.031250 0.019444
3 0.981771 0.378241 0.033333 0.006481
1 0.390104 0.445833 0.011458 0.054630
8 0.680208 0.432407 0.004167 0.009259
6 0.752083 0.451389 0.010417 0.025000
14 0.007812 0.946296 0.015625 0.105556
