7 0.075260 0.482407 0.011979 0.018519
8 0.043750 0.499537 0.016667 0.026852
7 0.063542 0.569444 0.039583 0.146296
6 0.005729 0.508796 0.010417 0.032407
6 0.701823 0.668981 0.146354 0.245370
8 0.698177 0.608333 0.086979 0.342593
13 0.916146 0.431481 0.080208 0.125926
13 0.872135 0.443056 0.143229 0.154630
14 0.841406 0.487500 0.044271 0.069444
10 0.831510 0.378241 0.027604 0.069444
13 0.972396 0.546759 0.055208 0.410185
7 0.235937 0.504630 0.012500 0.059259
8 0.004948 0.497222 0.005729 0.016667
10 0.453646 0.534722 0.013542 0.032407
13 0.916406 0.389352 0.059896 0.052778
6 0.894792 0.772685 0.126042 0.382407
8 0.886979 0.684722 0.127083 0.443519
