14 0.464844 0.490278 0.015625 0.013889
14 0.484766 0.493056 0.024219 0.008333
14 0.503906 0.491667 0.012500 0.011111
14 0.527344 0.498611 0.023438 0.027778
14 0.449219 0.494444 0.015625 0.019444
4 0.539453 0.525694 0.039844 0.065278
4 0.579297 0.559722 0.092969 0.136111
4 0.427734 0.517361 0.027344 0.062500
6 0.421875 0.535417 0.025000 0.045833
8 0.420312 0.521528 0.015625 0.073611
4 0.482031 0.587500 0.114062 0.194444
4 0.368750 0.589583 0.100000 0.195833
4 0.199609 0.753472 0.355469 0.493056
14 0.670703 0.579861 0.025781 0.062500
14 0.831641 0.538194 0.336719 0.520833
8 0.739453 0.334028 0.049219 0.087500
8 0.821094 0.269444 0.039062 0.066667
8 0.956250 0.465278 0.062500 0.100000
8 0.882422 0.510417 0.074219 0.245833
8 0.946484 0.511111 0.046094 0.138889
6 0.899219 0.980556 0.031250 0.038889
8 0.937109 0.765278 0.125781 0.466667
14 0.477344 0.485417 0.003125 0.006944
14 0.483594 0.485417 0.004687 0.006944
14 0.492578 0.487500 0.005469 0.008333
