10 0.721094 0.204167 0.556250 0.144444
13 0.528125 0.470833 0.042188 0.061111
4 0.585938 0.486806 0.010937 0.012500
4 0.600781 0.488194 0.014063 0.020833
8 0.638672 0.473611 0.005469 0.005556
4 0.656250 0.495139 0.029687 0.037500
4 0.670312 0.493750 0.020313 0.040278
4 0.708203 0.498611 0.058594 0.063889
7 0.730078 0.480556 0.005469 0.019444
5 0.746875 0.484722 0.010937 0.022222
6 0.743359 0.504167 0.013281 0.036111
8 0.741797 0.489583 0.011719 0.043056
4 0.771484 0.493750 0.047656 0.051389
3 0.800391 0.475694 0.025781 0.034722
6 0.778125 0.519444 0.031250 0.050000
8 0.779297 0.500000 0.024219 0.069444
6 0.807813 0.523611 0.035937 0.050000
8 0.805078 0.504167 0.022656 0.077778
1 0.900391 0.668056 0.199219 0.416667
13 0.526953 0.484028 0.039844 0.040278
13 0.553516 0.470139 0.010156 0.023611
4 0.575781 0.495833 0.020313 0.036111
4 0.560547 0.493056 0.024219 0.022222
13 0.496484 0.486111 0.025781 0.061111
1 0.499219 0.493056 0.020313 0.030556
6 0.478516 0.503472 0.007031 0.023611
8 0.478906 0.492361 0.007812 0.023611
6 0.487109 0.502778 0.005469 0.027778
8 0.487891 0.483333 0.005469 0.019444
7 0.489453 0.472222 0.007031 0.016667
4 0.625000 0.519444 0.064062 0.088889
6 0.691797 0.590972 0.053906 0.115278
8 0.681641 0.553472 0.032031 0.148611
8 0.694141 0.544444 0.039844 0.127778
4 0.533203 0.611806 0.147656 0.259722
7 0.325000 0.453472 0.014063 0.048611
8 0.594531 0.484722 0.004687 0.008333
6 0.594531 0.492361 0.003125 0.009722
