4 0.483594 0.480556 0.010937 0.013889
14 0.492188 0.476389 0.009375 0.013889
4 0.498828 0.481250 0.011719 0.018056
6 0.490625 0.495139 0.006250 0.015278
8 0.490234 0.484028 0.007031 0.023611
4 0.526172 0.479167 0.007031 0.016667
13 0.537891 0.468056 0.019531 0.038889
1 0.516797 0.488194 0.014844 0.031944
6 0.554688 0.493750 0.004687 0.012500
8 0.553906 0.484722 0.007812 0.019444
4 0.567187 0.484028 0.009375 0.020833
6 0.538672 0.514583 0.013281 0.040278
8 0.538281 0.500000 0.017188 0.055556
14 0.595703 0.487500 0.019531 0.033333
6 0.576172 0.613194 0.041406 0.129167
8 0.578516 0.560417 0.042969 0.159722
4 0.607422 0.494444 0.011719 0.022222
6 0.628906 0.500694 0.007812 0.023611
14 0.705078 0.502083 0.008594 0.031944
4 0.730859 0.515278 0.039844 0.044444
4 0.806641 0.529167 0.047656 0.061111
6 0.951562 0.615278 0.096875 0.097222
13 0.464062 0.475694 0.021875 0.043056
7 0.459766 0.489583 0.007031 0.026389
10 0.418750 0.470833 0.009375 0.016667
6 0.432812 0.496528 0.028125 0.037500
8 0.429688 0.494444 0.012500 0.041667
7 0.416016 0.529167 0.019531 0.088889
7 0.407422 0.482639 0.005469 0.023611
10 0.161719 0.397917 0.018750 0.059722
10 0.160156 0.475000 0.018750 0.058333
10 0.623828 0.438194 0.011719 0.020833
10 0.623047 0.454861 0.010156 0.009722
10 0.255078 0.605556 0.014844 0.019444
6 0.702344 0.518056 0.009375 0.027778
4 0.560937 0.482639 0.006250 0.012500
14 0.554297 0.468056 0.016406 0.022222
4 0.248047 0.508333 0.032031 0.041667
14 0.312109 0.500694 0.053906 0.054167
