4 0.419531 0.499306 0.054688 0.056944
13 0.484375 0.479167 0.071875 0.127778
1 0.571094 0.495139 0.026562 0.023611
4 0.541406 0.489583 0.029687 0.018056
8 0.572266 0.496528 0.005469 0.026389
4 0.600391 0.504861 0.046094 0.043056
6 0.717578 0.542361 0.014844 0.045833
7 0.590625 0.504861 0.012500 0.048611
6 0.629297 0.537500 0.038281 0.075000
8 0.609375 0.502778 0.014063 0.036111
8 0.630078 0.526389 0.016406 0.080556
8 0.715625 0.521528 0.014063 0.087500
7 0.728906 0.520139 0.014063 0.081944
7 0.780859 0.512500 0.021094 0.069444
7 0.803516 0.492361 0.016406 0.109722
7 0.822266 0.480556 0.013281 0.072222
1 0.680469 0.540972 0.068750 0.120833
6 0.761328 0.674306 0.114844 0.295833
8 0.769531 0.604167 0.093750 0.272222
7 0.392188 0.484722 0.007812 0.027778
8 0.357422 0.479861 0.011719 0.034722
8 0.371094 0.473611 0.006250 0.025000
6 0.351562 0.518056 0.023438 0.047222
6 0.366406 0.511806 0.015625 0.059722
6 0.389062 0.500694 0.042188 0.026389
6 0.385156 0.528472 0.056250 0.054167
6 0.376953 0.550694 0.024219 0.081944
8 0.378516 0.479167 0.011719 0.030556
7 0.338281 0.495139 0.020313 0.087500
4 0.525000 0.613889 0.164062 0.291667
8 0.940234 0.555556 0.075781 0.163889
6 0.901953 0.643750 0.036719 0.095833
4 0.924609 0.784722 0.150781 0.430556
4 0.064844 0.603472 0.126562 0.312500
