10 0.423438 0.492130 0.005208 0.010185
13 0.459635 0.505093 0.010937 0.017593
13 0.506250 0.497222 0.019792 0.029630
14 0.492188 0.505556 0.010417 0.018519
14 0.468229 0.507407 0.015625 0.022222
4 0.471875 0.523148 0.040625 0.025926
4 0.522396 0.537037 0.084375 0.075926
10 0.311719 0.449537 0.015104 0.026852
13 0.368490 0.488426 0.053646 0.063889
4 0.435937 0.518056 0.035417 0.047222
4 0.427865 0.522222 0.024479 0.029630
8 0.413542 0.510648 0.006250 0.010185
8 0.408333 0.510185 0.008333 0.011111
8 0.444010 0.520833 0.014063 0.034259
8 0.433854 0.522222 0.015625 0.027778
4 0.406250 0.555556 0.052083 0.083333
8 0.323177 0.509722 0.004687 0.008333
8 0.318229 0.527315 0.009375 0.043519
6 0.336198 0.612037 0.039062 0.124074
8 0.333333 0.585648 0.030208 0.145370
8 0.345833 0.546759 0.022917 0.076852
6 0.350000 0.569444 0.021875 0.072222
6 0.373698 0.612500 0.044271 0.115741
8 0.377344 0.564815 0.029687 0.107407
8 0.370052 0.569907 0.038021 0.112037
8 0.471875 0.516204 0.014583 0.028704
8 0.465365 0.518981 0.020313 0.032407
4 0.484115 0.711111 0.234896 0.357407
13 0.572396 0.493519 0.034375 0.053704
13 0.612760 0.512963 0.028646 0.044444
4 0.643490 0.521296 0.018229 0.027778
4 0.593750 0.522222 0.033333 0.035185
4 0.682031 0.556944 0.067187 0.084259
7 0.854948 0.542130 0.009896 0.026852
3 0.169531 0.592130 0.338021 0.612037
8 0.452344 0.516204 0.004687 0.012037
