14 0.505078 0.472222 0.010156 0.011111
3 0.521094 0.464583 0.020313 0.023611
4 0.525781 0.468056 0.015625 0.016667
14 0.481641 0.479861 0.024219 0.034722
14 0.538281 0.472222 0.009375 0.008333
8 0.501953 0.478472 0.007031 0.018056
8 0.492188 0.479167 0.009375 0.016667
14 0.548047 0.472222 0.014844 0.013889
4 0.511328 0.491667 0.014844 0.033333
4 0.558203 0.476389 0.013281 0.013889
4 0.575781 0.473611 0.020313 0.008333
4 0.580859 0.495833 0.050781 0.033333
4 0.612891 0.491667 0.035156 0.047222
1 0.664453 0.540972 0.077344 0.145833
4 0.741797 0.533333 0.105469 0.141667
4 0.535156 0.492361 0.037500 0.034722
8 0.520312 0.502083 0.023438 0.054167
8 0.488672 0.486806 0.011719 0.029167
7 0.459375 0.489583 0.009375 0.054167
8 0.503906 0.482639 0.007812 0.023611
8 0.496875 0.509722 0.021875 0.080556
8 0.469531 0.537500 0.039062 0.127778
6 0.473047 0.552778 0.035156 0.108333
4 0.586719 0.629861 0.178125 0.251389
4 0.897656 0.646528 0.204687 0.293056
4 0.946875 0.896528 0.106250 0.204167
7 0.044922 0.591667 0.057031 0.372222
7 0.057813 0.615972 0.098437 0.431944
7 0.465625 0.477083 0.007812 0.026389
8 0.539453 0.471528 0.005469 0.012500
8 0.515625 0.468056 0.006250 0.011111
