10 0.493359 0.418056 0.021094 0.019444
3 0.496484 0.460417 0.013281 0.023611
3 0.518359 0.462500 0.016406 0.019444
4 0.545703 0.468750 0.024219 0.009722
4 0.551172 0.480556 0.017969 0.016667
3 0.577344 0.451389 0.034375 0.027778
3 0.664844 0.456944 0.121875 0.088889
4 0.580078 0.494444 0.046094 0.080556
14 0.605078 0.484722 0.010156 0.025000
3 0.798438 0.485417 0.129688 0.143056
4 0.775000 0.525694 0.092188 0.098611
4 0.924219 0.553472 0.151562 0.123611
4 0.655469 0.540972 0.129688 0.159722
14 0.476172 0.465278 0.010156 0.013889
4 0.489453 0.469444 0.016406 0.008333
8 0.471875 0.472222 0.003125 0.013889
8 0.467187 0.477778 0.007812 0.016667
6 0.467578 0.485417 0.007031 0.015278
6 0.466406 0.504861 0.007812 0.018056
6 0.458203 0.508333 0.019531 0.047222
8 0.459766 0.497917 0.014844 0.051389
4 0.518359 0.568750 0.121094 0.198611
6 0.433984 0.520139 0.021094 0.070833
8 0.437891 0.499306 0.019531 0.059722
4 0.905859 0.747917 0.188281 0.415278
10 0.400391 0.248611 0.058594 0.061111
9 0.437109 0.210417 0.039844 0.029167
9 0.080859 0.306250 0.019531 0.079167
9 0.098437 0.371528 0.020313 0.034722
9 0.088281 0.409722 0.015625 0.030556
