13 0.501953 0.488194 0.092969 0.231944
13 0.642969 0.554167 0.318750 0.591667
13 0.912500 0.505556 0.175000 0.333333
4 0.828906 0.549306 0.071875 0.151389
8 0.811328 0.472222 0.007031 0.011111
1 0.750391 0.509722 0.047656 0.080556
1 0.637891 0.512500 0.035156 0.097222
1 0.687500 0.535417 0.104688 0.123611
4 0.747266 0.536111 0.019531 0.088889
6 0.776172 0.545833 0.047656 0.063889
8 0.778125 0.515972 0.032813 0.093056
6 0.805078 0.757639 0.130469 0.184722
8 0.807031 0.579167 0.051562 0.188889
6 0.931641 0.688889 0.135156 0.225000
8 0.919141 0.631250 0.094531 0.284722
8 0.957422 0.602778 0.085156 0.219444
6 0.439453 0.491667 0.036719 0.033333
8 0.446875 0.498611 0.014063 0.072222
10 0.458203 0.393056 0.010156 0.019444
8 0.439844 0.479861 0.014063 0.031944
9 0.401562 0.354861 0.012500 0.065278
9 0.404687 0.409722 0.017188 0.022222
