1 0.466016 0.488194 0.010156 0.029167
6 0.461719 0.493056 0.003125 0.011111
8 0.459766 0.488889 0.007031 0.022222
6 0.457813 0.513194 0.009375 0.023611
8 0.456641 0.494444 0.011719 0.027778
14 0.446094 0.490278 0.007812 0.019444
4 0.470703 0.493056 0.010156 0.016667
1 0.481641 0.497222 0.014844 0.047222
4 0.513672 0.493750 0.011719 0.023611
4 0.525000 0.490972 0.012500 0.026389
4 0.521875 0.482639 0.009375 0.012500
4 0.542969 0.502083 0.031250 0.037500
4 0.567969 0.506944 0.014063 0.058333
13 0.625781 0.505556 0.104688 0.163889
7 0.676953 0.510417 0.010156 0.056944
6 0.863281 0.530556 0.037500 0.066667
6 0.871484 0.538889 0.038281 0.058333
6 0.880859 0.540278 0.030469 0.061111
6 0.916406 0.540278 0.018750 0.066667
6 0.919531 0.620139 0.018750 0.109722
4 0.961328 0.614583 0.075781 0.301389
7 0.433594 0.503472 0.006250 0.051389
7 0.428125 0.486806 0.004687 0.023611
7 0.425000 0.513194 0.014063 0.073611
4 0.398047 0.495833 0.046094 0.061111
4 0.372266 0.525694 0.042969 0.081944
2 0.396484 0.574306 0.035156 0.112500
8 0.400781 0.536111 0.017188 0.100000
8 0.396875 0.553472 0.026562 0.131944
4 0.325391 0.552083 0.078906 0.134722
4 0.223438 0.615278 0.220312 0.238889
6 0.075391 0.532639 0.027344 0.054167
6 0.064062 0.533333 0.025000 0.055556
7 0.056250 0.513889 0.015625 0.094444
6 0.510547 0.553472 0.010156 0.048611
8 0.507812 0.513194 0.023438 0.062500
6 0.499219 0.586806 0.032813 0.134722
8 0.492188 0.550694 0.043750 0.151389
7 0.391406 0.480556 0.007812 0.016667
