13 0.433203 0.478472 0.035156 0.045833
7 0.099219 0.552083 0.054688 0.290278
4 0.155078 0.488194 0.052344 0.043056
4 0.198047 0.505556 0.041406 0.072222
4 0.220703 0.482639 0.028906 0.026389
7 0.215625 0.475694 0.010937 0.045833
3 0.224219 0.462500 0.035937 0.019444
3 0.250000 0.467361 0.054688 0.037500
1 0.258203 0.477778 0.019531 0.025000
4 0.291797 0.499306 0.066406 0.073611
7 0.175000 0.524306 0.029687 0.168056
7 0.288281 0.494444 0.014063 0.052778
7 0.318359 0.478472 0.008594 0.020833
14 0.434375 0.488889 0.034375 0.030556
4 0.497266 0.483333 0.024219 0.027778
4 0.503516 0.488194 0.024219 0.026389
6 0.474609 0.492361 0.008594 0.012500
8 0.473828 0.481944 0.011719 0.016667
13 0.542969 0.485417 0.060937 0.137500
6 0.578906 0.511806 0.014063 0.031944
8 0.579297 0.496528 0.014844 0.056944
1 0.619531 0.488194 0.018750 0.034722
4 0.662500 0.485417 0.043750 0.037500
14 0.635547 0.490278 0.014844 0.033333
4 0.659375 0.556944 0.106250 0.138889
7 0.479297 0.481944 0.005469 0.016667
7 0.484375 0.483333 0.006250 0.019444
4 0.394141 0.495833 0.044531 0.047222
1 0.347656 0.512500 0.054688 0.105556
6 0.343359 0.577083 0.046094 0.126389
8 0.348047 0.542361 0.042969 0.131944
8 0.410938 0.518750 0.023438 0.090278
6 0.390625 0.595833 0.053125 0.138889
8 0.390234 0.543056 0.047656 0.141667
4 0.475391 0.630556 0.178906 0.283333
10 0.622656 0.429167 0.017188 0.038889
10 0.628906 0.330556 0.039062 0.036111
6 0.280469 0.672222 0.087500 0.238889
8 0.283594 0.603472 0.070312 0.243056
13 0.826172 0.602083 0.347656 0.693056
9 0.198828 0.313194 0.019531 0.084722
14 0.598828 0.495833 0.007031 0.027778
6 0.055859 0.857639 0.110156 0.284722
9 0.655859 0.306944 0.033594 0.013889
4 0.467578 0.485417 0.007031 0.012500
14 0.705469 0.493750 0.015625 0.015278
