10 0.460677 0.369907 0.019271 0.019444
4 0.432031 0.438889 0.008854 0.018519
4 0.426302 0.439352 0.009896 0.015741
4 0.416667 0.441204 0.014583 0.021296
1 0.404427 0.439815 0.006771 0.029630
14 0.409635 0.441667 0.006771 0.018519
6 0.427604 0.442593 0.006250 0.014815
8 0.427604 0.439352 0.006250 0.021296
14 0.436458 0.437037 0.007292 0.027778
13 0.446354 0.422222 0.021875 0.059259
4 0.445052 0.449537 0.016146 0.039815
4 0.463542 0.456944 0.034375 0.062037
3 0.526823 0.425000 0.067187 0.094444
3 0.582552 0.423611 0.057813 0.082407
4 0.741406 0.463426 0.043229 0.050926
13 0.906771 0.458796 0.121875 0.117593
1 0.903906 0.482407 0.071354 0.096296
13 0.368229 0.428241 0.069792 0.126852
6 0.401562 0.480093 0.020833 0.056481
8 0.401042 0.463426 0.023958 0.065741
4 0.279167 0.482407 0.082292 0.083333
6 0.174479 0.467130 0.015625 0.015741
8 0.181771 0.454630 0.012500 0.027778
6 0.190625 0.458796 0.011458 0.017593
6 0.167969 0.467130 0.007812 0.013889
6 0.152604 0.472222 0.013542 0.033333
6 0.146354 0.480556 0.017708 0.038889
6 0.138281 0.486574 0.008854 0.030556
6 0.133073 0.491204 0.008854 0.025000
6 0.115625 0.475926 0.016667 0.046296
6 0.106510 0.481944 0.016146 0.028704
6 0.096615 0.481481 0.019271 0.057407
6 0.078646 0.486574 0.032292 0.052778
6 0.045833 0.486574 0.023958 0.067593
4 0.223958 0.598611 0.216667 0.271296
