14 0.344531 0.457639 0.009375 0.012500
3 0.401562 0.445833 0.070312 0.086111
14 0.448047 0.461806 0.022656 0.034722
8 0.445312 0.468056 0.007812 0.016667
6 0.511328 0.478472 0.008594 0.015278
8 0.511719 0.472222 0.004687 0.022222
1 0.517969 0.473611 0.006250 0.030556
4 0.537891 0.497222 0.046094 0.091667
8 0.586719 0.482639 0.015625 0.048611
1 0.558594 0.522222 0.054688 0.122222
4 0.736328 0.479167 0.019531 0.027778
1 0.758203 0.479861 0.030469 0.037500
8 0.738672 0.478472 0.013281 0.034722
8 0.707031 0.481944 0.010937 0.022222
8 0.710547 0.488194 0.011719 0.045833
8 0.721484 0.491667 0.022656 0.066667
6 0.738281 0.501389 0.015625 0.038889
1 0.800781 0.479167 0.015625 0.019444
4 0.812500 0.483333 0.010937 0.022222
8 0.775781 0.471528 0.006250 0.009722
8 0.782422 0.473611 0.005469 0.008333
8 0.791797 0.475694 0.005469 0.009722
7 0.816406 0.481250 0.006250 0.034722
7 0.823438 0.484722 0.007812 0.038889
7 0.828906 0.488889 0.006250 0.033333
6 0.838281 0.497917 0.010937 0.034722
4 0.880469 0.511111 0.076563 0.077778
7 0.912891 0.488889 0.008594 0.036111
8 0.994141 0.502083 0.008594 0.029167
8 0.987891 0.528472 0.017969 0.101389
6 0.981250 0.552778 0.035937 0.069444
4 0.794531 0.509028 0.095312 0.065278
6 0.872266 0.533333 0.047656 0.061111
8 0.857812 0.510417 0.015625 0.081944
8 0.873828 0.515278 0.019531 0.086111
4 0.959375 0.717361 0.079687 0.209722
4 0.653125 0.478472 0.109375 0.062500
4 0.668750 0.657639 0.257812 0.315278
4 0.481250 0.506944 0.042188 0.080556
4 0.393750 0.502778 0.059375 0.069444
4 0.455078 0.552083 0.092969 0.148611
1 0.322266 0.466667 0.021094 0.025000
4 0.327734 0.474306 0.027344 0.015278
7 0.310156 0.465278 0.004687 0.025000
7 0.306250 0.465972 0.007812 0.029167
7 0.299609 0.463194 0.003906 0.020833
7 0.303516 0.465972 0.003906 0.020833
7 0.294922 0.465972 0.010156 0.031944
7 0.285547 0.463194 0.010156 0.040278
7 0.278516 0.473611 0.010156 0.047222
4 0.302344 0.558333 0.085938 0.161111
8 0.375391 0.559722 0.036719 0.150000
8 0.356250 0.563889 0.068750 0.200000
6 0.362891 0.651389 0.072656 0.172222
6 0.208984 0.594444 0.066406 0.122222
8 0.220703 0.547917 0.027344 0.140278
8 0.204687 0.547222 0.051562 0.152778
6 0.093750 0.848611 0.185938 0.302778
8 0.077344 0.752083 0.153125 0.495833
9 0.732812 0.325000 0.026562 0.008333
10 0.748047 0.349306 0.019531 0.037500
