9 0.205729 0.423148 0.023958 0.014815
10 0.643229 0.489352 0.025000 0.043519
10 0.644792 0.526389 0.025000 0.015741
3 0.410417 0.547222 0.070833 0.046296
1 0.488021 0.548611 0.015625 0.021296
1 0.470573 0.556481 0.027604 0.027778
8 0.487240 0.552315 0.005729 0.017593
1 0.546354 0.558333 0.030208 0.038889
7 0.561458 0.543519 0.007292 0.022222
7 0.567448 0.558796 0.011979 0.043519
7 0.555469 0.569907 0.011979 0.062037
7 0.588021 0.575463 0.012500 0.076852
7 0.651042 0.630556 0.023958 0.062963
7 0.732552 0.600926 0.021354 0.118519
7 0.707552 0.602315 0.030729 0.136111
7 0.820052 0.628241 0.029687 0.150926
7 0.971094 0.612500 0.025521 0.115741
7 0.508854 0.552315 0.011458 0.023148
7 0.525781 0.563426 0.009896 0.058333
7 0.530729 0.568056 0.009375 0.050926
14 0.238281 0.559722 0.021354 0.010185
4 0.419010 0.568981 0.030729 0.039815
4 0.444271 0.568981 0.033333 0.045370
7 0.461458 0.556944 0.008333 0.023148
8 0.472396 0.557407 0.011458 0.024074
8 0.492448 0.559259 0.007812 0.014815
8 0.489063 0.565278 0.008333 0.015741
8 0.406510 0.560185 0.007812 0.024074
8 0.398958 0.561574 0.010417 0.023148
8 0.391406 0.568519 0.010937 0.012963
8 0.407552 0.568519 0.015104 0.016667
8 0.426563 0.573148 0.016667 0.035185
8 0.440625 0.571759 0.014583 0.030556
4 0.482292 0.625463 0.101042 0.132407
8 0.573177 0.617593 0.025521 0.122222
2 0.573958 0.638426 0.027083 0.091667
9 0.354687 0.501852 0.008333 0.027778
9 0.353385 0.531944 0.007812 0.012037
7 0.334635 0.550000 0.008854 0.018519
8 0.328125 0.550000 0.008333 0.012963
8 0.348177 0.559722 0.008854 0.025000
8 0.353646 0.560185 0.009375 0.027778
14 0.350260 0.575926 0.013021 0.014815
3 0.306771 0.552315 0.062500 0.043519
4 0.314844 0.565741 0.052604 0.025926
4 0.324219 0.619907 0.052604 0.104630
4 0.391146 0.647222 0.123958 0.150000
14 0.211719 0.557407 0.007812 0.009259
1 0.216927 0.559259 0.008854 0.009259
14 0.246875 0.559259 0.010417 0.011111
14 0.221094 0.564352 0.005729 0.010185
8 0.225781 0.562500 0.004687 0.008333
7 0.190625 0.559722 0.005208 0.013889
14 0.204948 0.558796 0.009896 0.008333
7 0.179688 0.563889 0.004167 0.012963
10 0.249219 0.543056 0.004687 0.015741
4 0.203906 0.579630 0.041146 0.037037
4 0.164844 0.591667 0.064062 0.051852
8 0.103125 0.575463 0.007292 0.017593
8 0.111458 0.571296 0.010417 0.024074
14 0.087240 0.583333 0.011979 0.011111
8 0.095833 0.578241 0.010417 0.019444
8 0.109375 0.575463 0.011458 0.025000
8 0.154688 0.597685 0.019792 0.067593
6 0.173958 0.650463 0.031250 0.126852
8 0.177083 0.597222 0.029167 0.070370
8 0.171094 0.606019 0.039062 0.080556
4 0.120573 0.682407 0.091146 0.196296
4 0.057031 0.749537 0.113021 0.447222
4 0.250521 0.587037 0.071875 0.053704
4 0.273698 0.671759 0.113021 0.200926
6 0.214323 0.755556 0.067187 0.231481
8 0.212760 0.683333 0.073438 0.240741
8 0.121615 0.573148 0.026562 0.025926
7 0.514844 0.552778 0.007812 0.014815
