4 0.515104 0.527315 0.005208 0.010185
13 0.507292 0.516667 0.014583 0.025926
7 0.491927 0.530093 0.003646 0.015741
4 0.469010 0.523148 0.010937 0.005556
1 0.483333 0.531019 0.013542 0.028704
4 0.503385 0.538426 0.022396 0.032407
14 0.525521 0.526852 0.004167 0.014815
6 0.522135 0.534259 0.003646 0.009259
8 0.521615 0.526852 0.004687 0.009259
4 0.533854 0.530093 0.016667 0.023148
1 0.550260 0.529167 0.011979 0.025000
7 0.569792 0.540278 0.012500 0.036111
13 0.692448 0.567130 0.133854 0.193519
13 0.816406 0.599074 0.136979 0.227778
13 0.930208 0.599074 0.138542 0.461111
4 0.644792 0.605556 0.145833 0.225926
6 0.535937 0.543519 0.009375 0.024074
8 0.535677 0.533333 0.008854 0.027778
6 0.546875 0.551389 0.011458 0.036111
8 0.546875 0.529167 0.011458 0.023148
7 0.276823 0.565278 0.015104 0.045370
7 0.211198 0.516667 0.018229 0.053704
7 0.229427 0.533333 0.017188 0.083333
7 0.243750 0.554630 0.016667 0.109259
7 0.127604 0.599537 0.025000 0.086111
7 0.107552 0.562963 0.027604 0.155556
6 0.472917 0.570370 0.015625 0.037037
8 0.473698 0.545370 0.017188 0.048148
6 0.455469 0.548148 0.014063 0.040741
6 0.446354 0.552778 0.014583 0.046296
7 0.415365 0.568981 0.011979 0.036111
7 0.433854 0.566667 0.018750 0.101852
8 0.404948 0.568519 0.020313 0.100000
6 0.280469 0.628241 0.052604 0.130556
6 0.327865 0.629630 0.060937 0.142593
