8 0.430208 0.579630 0.005208 0.012963
8 0.425260 0.593981 0.007812 0.039815
8 0.422396 0.583333 0.007292 0.020370
8 0.414844 0.596759 0.014063 0.049074
8 0.406250 0.592593 0.009375 0.035185
6 0.415104 0.616204 0.011458 0.032407
8 0.394010 0.585185 0.007812 0.024074
6 0.393490 0.603241 0.005729 0.023148
4 0.375000 0.586574 0.035417 0.034259
8 0.402083 0.593056 0.018750 0.039815
6 0.401042 0.630556 0.017708 0.044444
8 0.367708 0.590278 0.010417 0.034259
6 0.367448 0.599074 0.006771 0.016667
6 0.356250 0.600463 0.013542 0.030556
7 0.349479 0.586574 0.007292 0.030556
7 0.344531 0.586111 0.006771 0.031481
6 0.333854 0.628704 0.025000 0.051852
8 0.332813 0.613426 0.020833 0.071296
10 0.322135 0.505093 0.021354 0.041667
10 0.294271 0.573611 0.040625 0.056481
7 0.223698 0.573148 0.018229 0.044444
10 0.216667 0.532870 0.026042 0.049074
4 0.257031 0.673148 0.174479 0.174074
14 0.172656 0.662963 0.044271 0.098148
8 0.163802 0.641667 0.027604 0.140741
10 0.258594 0.231944 0.077604 0.087963
9 0.216927 0.331944 0.023438 0.132407
6 0.124479 0.662500 0.068750 0.093519
8 0.124479 0.627778 0.027083 0.109259
7 0.085156 0.590741 0.025521 0.101852
8 0.029687 0.590278 0.025000 0.041667
4 0.105990 0.800463 0.210938 0.399074
7 0.451042 0.573148 0.004167 0.011111
10 0.462500 0.566667 0.011458 0.012963
8 0.449740 0.587963 0.005729 0.025926
4 0.454948 0.587500 0.007812 0.019444
8 0.446615 0.586111 0.007812 0.027778
4 0.460677 0.599074 0.018229 0.038889
8 0.437500 0.606481 0.028125 0.083333
6 0.439583 0.639815 0.023958 0.051852
4 0.486458 0.587037 0.039583 0.044444
4 0.533073 0.605093 0.053646 0.067593
4 0.507292 0.677778 0.129167 0.209259
7 0.668229 0.577778 0.013542 0.025926
7 0.691146 0.622685 0.020833 0.115741
7 0.708594 0.619907 0.018229 0.115741
10 0.727083 0.470370 0.012500 0.040741
7 0.794010 0.617130 0.025521 0.117593
7 0.821094 0.612500 0.014063 0.123148
7 0.839323 0.575926 0.019271 0.051852
7 0.865365 0.588426 0.021354 0.028704
7 0.944010 0.629630 0.040104 0.135185
7 0.996875 0.578704 0.006250 0.053704
8 0.989062 0.631019 0.019792 0.126852
6 0.976042 0.658333 0.044792 0.068519
9 0.685677 0.506019 0.015104 0.030556
