1 0.467187 0.558796 0.019792 0.034259
1 0.503646 0.603241 0.078125 0.119444
4 0.445312 0.574074 0.036458 0.066667
4 0.443750 0.589352 0.036458 0.073148
4 0.421615 0.602778 0.072396 0.103704
4 0.382812 0.660185 0.135417 0.187037
7 0.301042 0.567593 0.013542 0.051852
8 0.350521 0.568981 0.012500 0.023148
4 0.547917 0.561111 0.019792 0.027778
4 0.567448 0.568981 0.040104 0.037963
1 0.605469 0.569907 0.050521 0.050926
4 0.665365 0.596296 0.072396 0.116667
4 0.763281 0.652778 0.140104 0.164815
4 0.873177 0.785648 0.253646 0.428704
7 0.230729 0.561574 0.025000 0.087963
7 0.254688 0.565278 0.025000 0.087963
7 0.274740 0.566204 0.023438 0.095370
8 0.245052 0.636111 0.022396 0.114815
8 0.227604 0.665741 0.057292 0.174074
8 0.281771 0.679167 0.056250 0.204630
6 0.230990 0.743056 0.043229 0.108333
6 0.283073 0.735648 0.070312 0.204630
8 0.375260 0.691204 0.078646 0.256481
6 0.378906 0.746296 0.070312 0.196296
4 0.540885 0.729630 0.196354 0.312963
4 0.633854 0.643519 0.087500 0.144444
8 0.140625 0.697685 0.084375 0.234259
6 0.131250 0.771296 0.104167 0.251852
6 0.026823 0.859722 0.052604 0.280556
8 0.008333 0.854630 0.015625 0.196296
14 0.411719 0.544444 0.029687 0.022222
14 0.386719 0.541667 0.010937 0.011111
10 0.978125 0.407870 0.023958 0.071296
7 0.122135 0.537037 0.017188 0.100000
7 0.885156 0.579167 0.014063 0.023148
10 0.977344 0.465278 0.026562 0.032407
