14 0.534896 0.552778 0.010417 0.014815
4 0.564844 0.552315 0.019271 0.015741
8 0.559375 0.566667 0.007292 0.027778
8 0.560677 0.565278 0.009896 0.023148
6 0.560156 0.570370 0.006771 0.020370
4 0.577604 0.576389 0.033333 0.054630
4 0.602865 0.577778 0.019271 0.051852
4 0.618229 0.579630 0.032292 0.059259
4 0.631771 0.593056 0.037500 0.056481
4 0.827083 0.612963 0.089583 0.070370
8 0.775260 0.609722 0.021354 0.076852
6 0.773698 0.636111 0.032813 0.048148
4 0.887500 0.697222 0.204167 0.212963
4 0.979948 0.776389 0.040104 0.195370
4 0.535677 0.570370 0.017188 0.025926
8 0.550260 0.578241 0.013021 0.045370
6 0.549479 0.585185 0.008333 0.027778
4 0.525000 0.586574 0.035417 0.054630
0 0.502344 0.580093 0.005729 0.008333
7 0.495052 0.565741 0.005729 0.027778
7 0.470313 0.559259 0.004167 0.022222
4 0.482031 0.575463 0.029687 0.037963
7 0.454688 0.562037 0.003125 0.020370
7 0.458333 0.563889 0.003125 0.018519
10 0.400781 0.516667 0.031771 0.048148
1 0.380729 0.590741 0.053125 0.068519
8 0.358073 0.590278 0.014063 0.056481
6 0.363802 0.604630 0.029687 0.046296
4 0.340365 0.600000 0.041146 0.085185
7 0.394271 0.594907 0.012500 0.080556
1 0.428906 0.593519 0.053646 0.096296
7 0.597396 0.586574 0.009375 0.063889
10 0.401042 0.487963 0.013542 0.007407
14 0.512500 0.567130 0.013542 0.021296
14 0.548438 0.557870 0.016667 0.025000
