7 0.607292 0.550463 0.018750 0.075000
7 0.479948 0.550463 0.019271 0.082407
7 0.452604 0.527778 0.023958 0.053704
7 0.432292 0.531944 0.018750 0.054630
7 0.413802 0.550000 0.016146 0.085185
7 0.445052 0.596296 0.041146 0.166667
7 0.347396 0.542130 0.016667 0.108333
8 0.386719 0.606944 0.044271 0.176852
8 0.382552 0.592130 0.031771 0.099074
6 0.382031 0.619907 0.044271 0.125000
6 0.364583 0.683796 0.071875 0.169444
13 0.257031 0.503241 0.170313 0.147222
7 0.122917 0.544907 0.036458 0.137963
7 0.057813 0.581019 0.029167 0.089815
7 0.116146 0.701389 0.088542 0.373148
8 0.323177 0.693056 0.085938 0.334259
6 0.306771 0.756944 0.091667 0.234259
13 0.541927 0.545370 0.114062 0.261111
7 0.738021 0.529167 0.015625 0.060185
7 0.741667 0.581019 0.011458 0.106481
7 0.751823 0.579167 0.028646 0.156481
7 0.763542 0.525000 0.010417 0.077778
7 0.768750 0.544907 0.014583 0.087963
7 0.779687 0.550463 0.028125 0.137963
8 0.850521 0.540741 0.027083 0.103704
6 0.842708 0.561111 0.047917 0.053704
7 0.877604 0.568519 0.041667 0.098148
7 0.910677 0.552778 0.035937 0.150000
7 0.938542 0.591667 0.037500 0.187037
7 0.955729 0.674074 0.075000 0.259259
8 0.813802 0.792593 0.145313 0.414815
8 0.863802 0.796296 0.192188 0.407407
6 0.861458 0.901389 0.253125 0.197222
7 0.422917 0.543056 0.013542 0.025000
7 0.613802 0.545370 0.011979 0.075926
7 0.690365 0.555556 0.013021 0.038889
7 0.700521 0.557870 0.017708 0.032407
7 0.983333 0.634259 0.033333 0.103704
