14 0.539323 0.541204 0.007812 0.008333
14 0.547917 0.549074 0.027083 0.011111
13 0.526042 0.540278 0.017708 0.015741
14 0.506250 0.545833 0.021875 0.015741
7 0.476302 0.548611 0.007812 0.010185
4 0.490625 0.580556 0.036458 0.057407
8 0.471615 0.562500 0.008854 0.017593
8 0.465365 0.564815 0.009896 0.014815
4 0.448958 0.560185 0.036458 0.024074
7 0.393229 0.546296 0.009375 0.011111
1 0.403646 0.659722 0.118750 0.215741
1 0.367448 0.621296 0.046354 0.140741
4 0.468490 0.593519 0.032813 0.042593
7 0.502344 0.571759 0.011979 0.032407
8 0.340625 0.572222 0.007292 0.018519
8 0.344792 0.603241 0.019792 0.091667
8 0.328906 0.571759 0.016146 0.032407
8 0.320573 0.584722 0.022396 0.073148
6 0.334635 0.659722 0.027604 0.086111
2 0.312760 0.637037 0.016146 0.057407
6 0.294792 0.608796 0.012500 0.032407
8 0.278385 0.595833 0.035937 0.082407
8 0.253125 0.590741 0.043750 0.066667
7 0.230469 0.575463 0.020313 0.087963
7 0.232031 0.582870 0.033854 0.073148
7 0.207552 0.582407 0.021354 0.075926
7 0.113542 0.576389 0.014583 0.091667
1 0.058854 0.596296 0.109375 0.116667
7 0.040625 0.602315 0.029167 0.089815
8 0.096354 0.610185 0.027083 0.035185
6 0.071615 0.612037 0.021354 0.038889
7 0.047135 0.616667 0.039062 0.057407
7 0.010156 0.583333 0.018229 0.096296
6 0.010937 0.648148 0.020833 0.053704
4 0.188281 0.810185 0.375521 0.379630
9 0.573958 0.507407 0.009375 0.031481
7 0.580469 0.550926 0.002604 0.011111
14 0.570573 0.551389 0.017188 0.008333
14 0.594010 0.556944 0.008854 0.012037
14 0.572917 0.562500 0.029167 0.013889
4 0.589063 0.563426 0.006250 0.012037
7 0.596354 0.564815 0.008333 0.012963
4 0.581510 0.593056 0.046354 0.047222
4 0.628646 0.585648 0.081250 0.080556
4 0.763542 0.615741 0.037500 0.051852
4 0.674219 0.660648 0.164062 0.206481
1 0.533594 0.571296 0.050521 0.048148
4 0.527344 0.600000 0.082812 0.024074
4 0.511198 0.778241 0.315104 0.443519
4 0.840885 0.781019 0.317188 0.437963
8 0.328906 0.612963 0.024479 0.107407
10 0.729948 0.469907 0.025521 0.050926
9 0.755990 0.404630 0.015104 0.029630
9 0.741927 0.410648 0.010937 0.026852
