13 0.360417 0.570833 0.025000 0.023148
4 0.380990 0.573148 0.023438 0.016667
4 0.305990 0.596296 0.017188 0.024074
1 0.321094 0.591204 0.019271 0.021296
4 0.336198 0.584259 0.015104 0.022222
4 0.353646 0.586111 0.028125 0.025926
4 0.383333 0.587037 0.041667 0.020370
4 0.379167 0.606944 0.055208 0.050926
8 0.407292 0.593981 0.008333 0.047222
8 0.402083 0.593056 0.009375 0.043519
1 0.433073 0.587500 0.047396 0.052778
4 0.462500 0.587963 0.032292 0.051852
4 0.486719 0.592593 0.049479 0.051852
8 0.514062 0.564352 0.006250 0.010185
4 0.526302 0.643519 0.103646 0.159259
6 0.550000 0.692593 0.054167 0.146296
8 0.546875 0.655093 0.036458 0.162037
8 0.554688 0.656944 0.050000 0.156481
8 0.593750 0.587500 0.019792 0.045370
6 0.590365 0.709722 0.059896 0.173148
8 0.592708 0.668981 0.057292 0.215741
6 0.620313 0.815278 0.105208 0.304630
8 0.617969 0.743056 0.106771 0.352778
1 0.753385 0.549074 0.036979 0.014815
14 0.696354 0.547222 0.057292 0.027778
13 0.873698 0.543981 0.103646 0.060185
4 0.952604 0.549537 0.068750 0.030556
4 0.861979 0.743056 0.275000 0.376852
8 0.272396 0.621296 0.031250 0.064815
8 0.291667 0.624537 0.025000 0.067593
6 0.283333 0.683796 0.023958 0.076852
8 0.253385 0.668056 0.052604 0.137963
6 0.251823 0.712500 0.060937 0.132407
7 0.192708 0.635648 0.015625 0.100926
6 0.173698 0.674074 0.038021 0.042593
8 0.155208 0.679630 0.057292 0.151852
6 0.170313 0.705093 0.026042 0.086111
6 0.072917 0.652778 0.025000 0.079630
13 0.032292 0.602778 0.063542 0.107407
4 0.056250 0.679167 0.111458 0.108333
4 0.150781 0.843981 0.300521 0.312037
4 0.341406 0.679630 0.110937 0.177778
4 0.435937 0.752778 0.173958 0.283333
8 0.771875 0.784722 0.132292 0.426852
6 0.786719 0.881481 0.169271 0.235185
9 0.774740 0.496759 0.015104 0.019444
10 0.582552 0.486111 0.036979 0.035185
9 0.532292 0.453704 0.011458 0.048148
9 0.527344 0.530556 0.013021 0.018519
8 0.300000 0.608333 0.011458 0.035185
