9 0.382031 0.518056 0.004687 0.013889
8 0.340365 0.551852 0.004687 0.007407
7 0.347917 0.549074 0.005208 0.012963
4 0.344010 0.566667 0.015104 0.027778
1 0.335938 0.568519 0.008333 0.033333
7 0.223438 0.579167 0.008333 0.067593
7 0.213021 0.580556 0.014583 0.062963
7 0.183073 0.577315 0.015104 0.065741
10 0.113021 0.547222 0.013542 0.031481
10 0.056250 0.468519 0.021875 0.044444
7 0.409115 0.549074 0.004687 0.014815
7 0.361198 0.549074 0.004687 0.012963
1 0.358333 0.568981 0.018750 0.037963
8 0.370052 0.569444 0.007812 0.035185
6 0.369531 0.577315 0.005729 0.019444
8 0.360938 0.570833 0.021875 0.037963
8 0.312500 0.571759 0.010417 0.023148
8 0.307552 0.573611 0.019271 0.028704
7 0.373437 0.551852 0.004167 0.018519
8 0.378385 0.560648 0.006771 0.026852
8 0.416667 0.550463 0.005208 0.015741
7 0.422135 0.557407 0.004687 0.024074
10 0.502083 0.490741 0.014583 0.018519
1 0.523177 0.566204 0.016146 0.037963
14 0.503125 0.549537 0.017708 0.006481
8 0.487760 0.550000 0.003646 0.009259
8 0.485156 0.550926 0.003646 0.011111
8 0.488542 0.555093 0.004167 0.015741
1 0.474219 0.555093 0.017188 0.013889
8 0.481250 0.555093 0.004167 0.006481
8 0.460156 0.553704 0.003646 0.011111
8 0.455990 0.556944 0.005729 0.013889
8 0.462760 0.561574 0.006771 0.021296
6 0.464583 0.581944 0.005208 0.017593
6 0.458594 0.583796 0.009896 0.025000
8 0.458854 0.567593 0.011458 0.027778
8 0.490365 0.568056 0.007812 0.030556
6 0.490104 0.575463 0.005208 0.017593
4 0.475781 0.573148 0.023438 0.033333
6 0.474479 0.584722 0.012500 0.037963
8 0.474479 0.572222 0.015625 0.046296
4 0.525521 0.572222 0.017708 0.037037
4 0.535156 0.575926 0.026562 0.044444
7 0.556510 0.570833 0.008854 0.039815
6 0.569531 0.607407 0.014063 0.037037
8 0.569010 0.583333 0.018229 0.061111
14 0.645052 0.564352 0.006771 0.012037
14 0.710156 0.556944 0.018229 0.012037
1 0.729167 0.558796 0.011458 0.010185
7 0.820312 0.553704 0.008333 0.012963
1 0.828125 0.571759 0.037500 0.028704
1 0.800000 0.562500 0.019792 0.013889
1 0.938542 0.588426 0.045833 0.058333
4 0.444271 0.570833 0.027083 0.037963
9 0.382812 0.545833 0.004167 0.008333
4 0.405990 0.563426 0.015104 0.015741
8 0.405729 0.562037 0.008333 0.018519
6 0.406510 0.582870 0.003646 0.023148
6 0.409635 0.581019 0.007812 0.030556
8 0.412240 0.563426 0.008854 0.025000
6 0.417187 0.587963 0.015625 0.050000
8 0.416406 0.572685 0.014063 0.039815
4 0.390104 0.578241 0.030208 0.045370
1 0.504427 0.580093 0.027604 0.062037
4 0.279427 0.550000 0.109896 0.127778
4 0.308854 0.741667 0.234375 0.316667
10 0.110677 0.572685 0.011979 0.010185
7 0.431771 0.566204 0.006250 0.034259
