14 0.460417 0.530093 0.006250 0.021296
8 0.465885 0.532407 0.007812 0.027778
6 0.465365 0.543056 0.006771 0.017593
4 0.485677 0.553704 0.038021 0.072222
7 0.523958 0.544907 0.011458 0.054630
7 0.548438 0.530093 0.009375 0.030556
8 0.535937 0.549074 0.013542 0.066667
2 0.536198 0.570370 0.011979 0.051852
7 0.554167 0.530556 0.009375 0.022222
7 0.565625 0.538426 0.012500 0.030556
7 0.575000 0.556481 0.017708 0.077778
6 0.578906 0.562037 0.038021 0.042593
7 0.561719 0.560648 0.014063 0.065741
7 0.549479 0.560648 0.010417 0.063889
7 0.512500 0.537037 0.008333 0.040741
7 0.506510 0.526852 0.006771 0.024074
8 0.504687 0.559722 0.019792 0.069444
6 0.504948 0.570833 0.018229 0.065741
7 0.596875 0.531019 0.006250 0.021296
7 0.605208 0.530556 0.009375 0.025926
7 0.608073 0.529167 0.006771 0.023148
7 0.606771 0.567593 0.016667 0.070370
7 0.654167 0.611574 0.034375 0.186111
7 0.666146 0.555556 0.010417 0.024074
7 0.827083 0.548611 0.016667 0.041667
6 0.850260 0.548611 0.018229 0.049074
4 0.777344 0.611111 0.164062 0.148148
6 0.918229 0.595370 0.038542 0.085185
7 0.735938 0.645833 0.039583 0.199074
6 0.914844 0.634722 0.020313 0.047222
7 0.881510 0.701852 0.060937 0.377778
6 0.942708 0.626389 0.050000 0.062037
6 0.950260 0.683796 0.099479 0.156481
6 0.967187 0.700000 0.063542 0.138889
6 0.986198 0.707407 0.024479 0.107407
8 0.455990 0.537037 0.008854 0.044444
2 0.454167 0.556019 0.007292 0.036111
13 0.430729 0.535185 0.044792 0.114815
13 0.373437 0.524537 0.075000 0.076852
7 0.410156 0.550463 0.018229 0.071296
7 0.361458 0.531481 0.017708 0.046296
7 0.366406 0.612037 0.034896 0.187037
6 0.394792 0.674537 0.064583 0.154630
8 0.395833 0.620833 0.056250 0.184259
13 0.285156 0.536574 0.099479 0.147222
8 0.247396 0.677315 0.070833 0.275000
8 0.250521 0.689352 0.056250 0.297222
6 0.224479 0.706944 0.086458 0.237963
7 0.114062 0.599537 0.042708 0.136111
13 0.045312 0.622685 0.090625 0.241667
7 0.279427 0.561574 0.027604 0.078704
7 0.264844 0.563426 0.020313 0.080556
7 0.271354 0.589815 0.020833 0.048148
7 0.183333 0.760648 0.160417 0.478704
14 0.810156 0.678704 0.117188 0.159259
7 0.634635 0.571296 0.013021 0.024074
7 0.994792 0.813426 0.010417 0.089815
