13 0.503646 0.534722 0.030208 0.086111
7 0.425521 0.550463 0.005208 0.019444
7 0.431250 0.553241 0.004167 0.017593
4 0.455469 0.553704 0.034896 0.059259
4 0.555469 0.549074 0.022396 0.040741
8 0.592448 0.548148 0.008854 0.040741
6 0.591927 0.562500 0.009896 0.043519
4 0.618750 0.555556 0.046875 0.061111
8 0.627344 0.560185 0.020313 0.072222
6 0.628906 0.573148 0.025521 0.059259
13 0.716406 0.543056 0.105729 0.193519
8 0.855469 0.580093 0.033854 0.104630
6 0.855208 0.604630 0.043750 0.101852
8 0.943229 0.544907 0.015625 0.023148
4 0.947396 0.653241 0.105208 0.193519
8 0.267448 0.628704 0.050521 0.188889
8 0.248958 0.624074 0.061458 0.198148
6 0.266667 0.677778 0.063542 0.183333
10 0.154427 0.353704 0.021354 0.066667
8 0.088021 0.647222 0.075000 0.205556
6 0.078125 0.706481 0.107292 0.222222
7 0.009896 0.587037 0.017708 0.201852
7 0.025260 0.605093 0.042188 0.226852
4 0.153125 0.545833 0.077083 0.084259
10 0.680990 0.391667 0.031771 0.050000
10 0.680990 0.432870 0.031771 0.017593
