3 0.473698 0.514352 0.010937 0.025000
8 0.475781 0.516204 0.003646 0.010185
4 0.497396 0.543981 0.041667 0.075000
1 0.466146 0.511574 0.004167 0.006481
4 0.463021 0.514352 0.004167 0.013889
4 0.458333 0.514815 0.009375 0.014815
4 0.459115 0.523611 0.008854 0.023148
13 0.440365 0.509722 0.013021 0.037963
13 0.425260 0.510185 0.014063 0.040741
13 0.434375 0.513426 0.005208 0.032407
13 0.416927 0.497685 0.006771 0.013889
13 0.409375 0.507870 0.013542 0.050926
13 0.393490 0.507407 0.031771 0.048148
13 0.420573 0.524074 0.021354 0.044444
4 0.393750 0.538426 0.040625 0.045370
8 0.416146 0.542593 0.012500 0.059259
2 0.413542 0.554167 0.011458 0.045370
13 0.358854 0.517593 0.039583 0.094444
13 0.350000 0.521296 0.030208 0.103704
13 0.340885 0.526852 0.022396 0.114815
13 0.306510 0.531944 0.067187 0.143519
4 0.040885 0.504167 0.080729 0.075000
6 0.020833 0.538426 0.034375 0.084259
6 0.085417 0.541204 0.033333 0.080556
1 0.447917 0.534259 0.022917 0.048148
6 0.468229 0.668056 0.060417 0.182407
8 0.469271 0.616204 0.054167 0.186111
1 0.568750 0.536574 0.015625 0.034259
4 0.626823 0.558796 0.050521 0.062037
6 0.666667 0.565741 0.018750 0.037037
1 0.737500 0.572685 0.050000 0.076852
2 0.784375 0.602778 0.011458 0.044444
8 0.795052 0.596296 0.017188 0.105556
8 0.810156 0.600000 0.042188 0.105556
6 0.813542 0.629630 0.046875 0.101852
6 0.868229 0.620370 0.034375 0.074074
8 0.869531 0.602778 0.021354 0.105556
6 0.938021 0.637500 0.057292 0.089815
6 0.983333 0.615278 0.033333 0.086111
6 0.997396 0.679167 0.005208 0.036111
4 0.144792 0.487963 0.044792 0.057407
4 0.549479 0.532407 0.012500 0.027778
7 0.955208 0.581944 0.016667 0.080556
