4 0.535677 0.569444 0.006771 0.014815
8 0.529948 0.570833 0.006771 0.021296
6 0.529167 0.577315 0.008333 0.013889
4 0.523438 0.571296 0.011458 0.020370
4 0.513281 0.567593 0.010937 0.022222
8 0.500521 0.569907 0.008333 0.026852
4 0.511458 0.578704 0.025000 0.040741
4 0.546615 0.572685 0.016146 0.021296
4 0.560156 0.573148 0.025521 0.025926
6 0.566146 0.585648 0.025000 0.025000
8 0.568229 0.575926 0.007292 0.031481
4 0.590885 0.591667 0.033854 0.053704
4 0.601823 0.598148 0.030729 0.059259
4 0.618490 0.602315 0.045312 0.067593
4 0.628646 0.618056 0.063542 0.084259
4 0.657031 0.637037 0.073438 0.105556
6 0.742448 0.650000 0.063021 0.092593
6 0.702083 0.710648 0.057292 0.156481
6 0.750781 0.693981 0.047396 0.143519
6 0.811719 0.687037 0.090104 0.144444
6 0.833594 0.713426 0.111979 0.150926
4 0.936458 0.803704 0.127083 0.288889
8 0.487240 0.569444 0.007812 0.024074
6 0.485938 0.574074 0.008333 0.014815
4 0.465365 0.574537 0.026562 0.039815
1 0.434375 0.580556 0.026042 0.057407
7 0.400260 0.592130 0.015104 0.073148
6 0.367969 0.571296 0.028646 0.035185
6 0.362760 0.574537 0.024479 0.030556
6 0.357292 0.577315 0.017708 0.030556
4 0.229167 0.585648 0.087500 0.099074
4 0.174740 0.585185 0.061979 0.100000
4 0.133594 0.593981 0.095312 0.128704
4 0.052604 0.589815 0.105208 0.151852
4 0.009635 0.578704 0.018229 0.125926
4 0.107031 0.817593 0.213021 0.364815
10 0.435417 0.523148 0.016667 0.033333
10 0.435417 0.503241 0.006250 0.004630
7 0.819010 0.600000 0.021354 0.124074
7 0.953385 0.557870 0.017188 0.052778
7 0.935937 0.636111 0.020833 0.153704
7 0.962240 0.629167 0.027604 0.182407
8 0.662240 0.657407 0.052604 0.168519
6 0.661719 0.681019 0.051562 0.128704
