14 0.442708 0.515278 0.013542 0.008333
14 0.445833 0.524074 0.010417 0.012963
14 0.454427 0.522222 0.009896 0.014815
1 0.458333 0.537963 0.007292 0.014815
1 0.463542 0.543981 0.010417 0.025000
8 0.462760 0.543056 0.006771 0.021296
1 0.427083 0.528704 0.006250 0.009259
13 0.434635 0.524537 0.011979 0.015741
14 0.415885 0.527315 0.014063 0.012037
4 0.452604 0.540741 0.007292 0.016667
14 0.428385 0.535648 0.013021 0.008333
4 0.437760 0.543056 0.029687 0.026852
4 0.451302 0.570833 0.030729 0.052778
7 0.359635 0.535185 0.003646 0.009259
7 0.347917 0.537500 0.005208 0.015741
8 0.335417 0.534722 0.006250 0.010185
4 0.335938 0.544444 0.022917 0.011111
4 0.305990 0.545833 0.025521 0.012037
8 0.295312 0.547685 0.009375 0.010185
7 0.263542 0.554630 0.009375 0.037037
7 0.152604 0.561574 0.015625 0.065741
8 0.067448 0.545370 0.009896 0.014815
1 0.091146 0.560185 0.079167 0.027778
1 0.407292 0.538889 0.013542 0.012963
1 0.417708 0.544907 0.009375 0.019444
1 0.393750 0.539815 0.023958 0.011111
4 0.365625 0.546296 0.018750 0.022222
7 0.327344 0.540741 0.002604 0.012963
4 0.343750 0.573611 0.031250 0.058333
7 0.196875 0.557407 0.015625 0.055556
8 0.257812 0.566204 0.014583 0.039815
8 0.247396 0.565278 0.013542 0.041667
8 0.270313 0.557407 0.012500 0.029630
4 0.222917 0.582870 0.073958 0.050926
4 0.301042 0.629630 0.113542 0.162963
4 0.076302 0.605093 0.151562 0.165741
8 0.384896 0.562963 0.018750 0.044444
6 0.384896 0.601852 0.012500 0.044444
8 0.365104 0.553241 0.005208 0.012037
8 0.359375 0.572222 0.015625 0.053704
6 0.361198 0.599074 0.009896 0.029630
6 0.372656 0.593519 0.022396 0.072222
8 0.373958 0.577315 0.021875 0.075000
1 0.383073 0.552778 0.030729 0.029630
4 0.405208 0.549537 0.018750 0.015741
8 0.413802 0.545833 0.009896 0.012037
4 0.409635 0.593981 0.045312 0.086111
6 0.439323 0.625926 0.018229 0.057407
8 0.441406 0.588426 0.027604 0.089815
7 0.479427 0.604167 0.027604 0.132407
7 0.498177 0.630556 0.016146 0.170370
7 0.511979 0.635185 0.032292 0.183333
6 0.685417 0.632407 0.051042 0.153704
6 0.731250 0.656481 0.053125 0.155556
7 0.675521 0.553241 0.012500 0.049074
7 0.743229 0.536111 0.016667 0.075926
7 0.758333 0.664352 0.059375 0.286111
4 0.147396 0.795370 0.293750 0.409259
10 0.171615 0.510185 0.016146 0.051852
8 0.230729 0.553704 0.009375 0.014815
