13 0.373177 0.523148 0.036979 0.100000
4 0.399740 0.530556 0.025521 0.040741
6 0.353906 0.538426 0.006771 0.017593
8 0.353906 0.525926 0.005729 0.020370
7 0.324740 0.546759 0.019271 0.056481
7 0.347396 0.531019 0.005208 0.036111
7 0.339062 0.568519 0.026042 0.107407
8 0.285938 0.528241 0.008333 0.010185
6 0.426302 0.542130 0.011979 0.032407
7 0.438021 0.541667 0.011458 0.059259
7 0.448177 0.536574 0.008854 0.043519
7 0.478385 0.529167 0.005729 0.028704
14 0.458073 0.555556 0.019271 0.022222
6 0.482292 0.563889 0.018750 0.038889
6 0.498437 0.563426 0.041667 0.047222
6 0.536979 0.581481 0.048958 0.053704
7 0.557031 0.544907 0.014063 0.084259
7 0.679167 0.559722 0.029167 0.034259
6 0.693229 0.589352 0.091667 0.123148
7 0.722135 0.578241 0.034896 0.158333
7 0.765885 0.682407 0.079687 0.351852
7 0.854688 0.713889 0.078125 0.131481
7 0.612500 0.544907 0.014583 0.063889
8 0.373437 0.528704 0.011458 0.059259
8 0.381250 0.504167 0.010417 0.037963
6 0.411719 0.572222 0.023438 0.081481
8 0.411198 0.545370 0.018229 0.061111
6 0.392188 0.618519 0.048958 0.131481
8 0.398438 0.562037 0.029167 0.079630
8 0.390104 0.588426 0.042708 0.134259
6 0.205729 0.556944 0.023958 0.028704
8 0.214323 0.542130 0.016146 0.041667
4 0.266406 0.603704 0.125521 0.144444
4 0.111458 0.578241 0.129167 0.121296
7 0.080208 0.575926 0.029167 0.155556
7 0.133854 0.600000 0.037500 0.172222
14 0.038021 0.738426 0.075000 0.232407
7 0.485938 0.525000 0.007292 0.025926
7 0.565885 0.548611 0.013021 0.076852
7 0.647396 0.563889 0.025000 0.037037
