1 0.425260 0.539352 0.004687 0.008333
14 0.421615 0.542130 0.005729 0.008333
14 0.428646 0.544907 0.010417 0.013889
14 0.413021 0.541204 0.006250 0.008333
14 0.419271 0.544444 0.008333 0.009259
14 0.408594 0.555556 0.020313 0.024074
4 0.432552 0.557870 0.022396 0.017593
1 0.414062 0.559722 0.019792 0.025000
8 0.404948 0.559259 0.004687 0.012963
8 0.401302 0.564352 0.006771 0.017593
8 0.415365 0.560648 0.004687 0.012037
8 0.412760 0.564352 0.005729 0.012037
8 0.408073 0.566667 0.006771 0.009259
8 0.443490 0.560648 0.005729 0.013889
8 0.427604 0.565741 0.007292 0.016667
8 0.435677 0.563426 0.006771 0.015741
8 0.431510 0.568519 0.008854 0.025926
8 0.439583 0.570833 0.010417 0.021296
14 0.461979 0.557407 0.016667 0.012963
3 0.521354 0.540278 0.047917 0.030556
4 0.546094 0.547222 0.013021 0.022222
8 0.542448 0.544907 0.004687 0.012037
8 0.535677 0.547685 0.006771 0.013889
4 0.496875 0.548611 0.015625 0.012037
4 0.489063 0.549537 0.012500 0.008333
8 0.482812 0.548611 0.005208 0.008333
8 0.516927 0.549537 0.004687 0.008333
14 0.531510 0.550000 0.024479 0.018519
8 0.544010 0.554630 0.005729 0.012963
8 0.538281 0.553241 0.005729 0.015741
8 0.529687 0.554167 0.005208 0.012037
7 0.558333 0.563889 0.007292 0.031481
10 0.577344 0.537963 0.007812 0.016667
7 0.583333 0.553704 0.007292 0.029630
7 0.590104 0.554630 0.004167 0.025926
7 0.592187 0.553241 0.005208 0.023148
7 0.595313 0.555556 0.006250 0.020370
7 0.621615 0.571296 0.010937 0.048148
7 0.634115 0.557870 0.008854 0.034259
7 0.644792 0.560648 0.015625 0.037963
7 0.679427 0.560185 0.015104 0.042593
7 0.672656 0.563426 0.022396 0.047222
7 0.707292 0.564815 0.022917 0.055556
7 0.738021 0.563426 0.017708 0.062037
7 0.894010 0.580093 0.027604 0.137963
7 0.982812 0.622222 0.034375 0.205556
7 0.840625 0.568519 0.036458 0.116667
7 0.928125 0.612963 0.038542 0.172222
6 0.599740 0.603241 0.018229 0.049074
8 0.598958 0.586574 0.018750 0.060185
8 0.448437 0.555093 0.004167 0.008333
14 0.456250 0.568056 0.012500 0.017593
8 0.468750 0.560648 0.004167 0.015741
8 0.465625 0.561111 0.004167 0.014815
4 0.491927 0.558333 0.013021 0.012963
4 0.478646 0.563889 0.017708 0.025926
4 0.517708 0.564352 0.017708 0.023148
4 0.506250 0.569444 0.020833 0.031481
4 0.532292 0.587500 0.038542 0.056481
7 0.360938 0.570370 0.008333 0.022222
7 0.062760 0.662500 0.041146 0.156481
7 0.068490 0.675926 0.036979 0.161111
7 0.463281 0.588426 0.014063 0.062037
8 0.489323 0.571296 0.013021 0.031481
6 0.491406 0.599537 0.009896 0.030556
8 0.506250 0.580093 0.013542 0.039815
6 0.478646 0.613889 0.016667 0.055556
8 0.478125 0.592130 0.022917 0.071296
6 0.499740 0.624537 0.019271 0.052778
8 0.500260 0.591204 0.024479 0.060185
4 0.421354 0.597685 0.043750 0.056481
4 0.389323 0.604167 0.061979 0.065741
4 0.360938 0.627778 0.047917 0.100000
4 0.316927 0.633796 0.076563 0.130556
4 0.240365 0.655093 0.164062 0.162037
6 0.828385 0.668056 0.070312 0.149074
6 0.452604 0.629167 0.025000 0.078704
8 0.452083 0.603704 0.028125 0.094444
