7 0.310156 0.570833 0.011979 0.093519
7 0.325521 0.566667 0.030208 0.124074
7 0.344792 0.574074 0.018750 0.105556
7 0.361198 0.569444 0.016146 0.127778
7 0.402344 0.531944 0.007812 0.025000
7 0.444792 0.533796 0.006250 0.012037
7 0.489323 0.527315 0.008854 0.021296
7 0.435156 0.569444 0.010937 0.037037
7 0.422656 0.568981 0.014063 0.036111
7 0.481771 0.577315 0.021875 0.050926
7 0.549740 0.582407 0.015104 0.105556
7 0.295312 0.587037 0.013542 0.064815
7 0.259375 0.562037 0.018750 0.100000
7 0.232292 0.626852 0.056250 0.125926
7 0.124740 0.589352 0.084896 0.304630
7 0.121354 0.780556 0.112500 0.438889
7 0.204167 0.558333 0.011458 0.062963
7 0.389323 0.558333 0.022396 0.042593
7 0.385937 0.541667 0.018750 0.016667
7 0.618750 0.535185 0.006250 0.014815
7 0.616406 0.551852 0.029687 0.051852
7 0.610156 0.600463 0.028646 0.125000
7 0.684375 0.541204 0.007292 0.037963
7 0.691927 0.540278 0.006771 0.030556
13 0.728125 0.528704 0.029167 0.081481
8 0.734115 0.514352 0.010937 0.030556
8 0.726302 0.533796 0.009896 0.047222
7 0.715885 0.543056 0.009896 0.041667
1 0.669531 0.535648 0.021354 0.028704
6 0.668750 0.562037 0.015625 0.037037
6 0.679167 0.556019 0.008333 0.030556
6 0.633594 0.666204 0.066146 0.165741
8 0.667188 0.613889 0.031250 0.164815
8 0.638281 0.641204 0.055729 0.199074
6 0.767708 0.567130 0.013542 0.036111
8 0.766667 0.556019 0.013542 0.049074
14 0.780208 0.582407 0.030208 0.048148
7 0.779167 0.567130 0.015625 0.075000
6 0.715365 0.694907 0.057813 0.149074
8 0.696354 0.642593 0.038542 0.224074
8 0.704688 0.675000 0.058333 0.266667
6 0.827083 0.663889 0.042708 0.105556
8 0.826042 0.587963 0.059375 0.103704
8 0.828125 0.641204 0.055208 0.193519
7 0.799479 0.561574 0.011458 0.065741
7 0.811979 0.539815 0.009375 0.027778
7 0.805990 0.561111 0.011979 0.075926
7 0.886719 0.549537 0.023438 0.050926
7 0.908333 0.561111 0.017708 0.072222
6 0.889062 0.581481 0.038542 0.027778
8 0.888802 0.571296 0.024479 0.044444
8 0.888802 0.587037 0.011979 0.012963
7 0.927083 0.577315 0.017708 0.037963
7 0.938542 0.569907 0.012500 0.036111
7 0.954688 0.566667 0.013542 0.046296
7 0.969010 0.562500 0.019271 0.056481
6 0.748177 0.787500 0.118229 0.321296
8 0.733073 0.726389 0.083854 0.376852
8 0.738542 0.551389 0.011458 0.047222
7 0.771354 0.527315 0.005208 0.010185
7 0.221875 0.554630 0.011458 0.027778
7 0.022917 0.784259 0.044792 0.431481
7 0.451042 0.547685 0.009375 0.030556
7 0.603646 0.540278 0.014583 0.041667
6 0.671354 0.583796 0.015625 0.049074
7 0.853646 0.564815 0.017708 0.059259
4 0.883073 0.789815 0.233854 0.420370
7 0.695312 0.529630 0.007292 0.037037
