14 0.474740 0.559259 0.013021 0.018519
1 0.480469 0.561574 0.017188 0.012037
8 0.467969 0.559722 0.005729 0.008333
8 0.463542 0.573611 0.009375 0.025000
8 0.467969 0.572222 0.006771 0.022222
8 0.458594 0.565741 0.006771 0.022222
8 0.456250 0.589352 0.011458 0.054630
1 0.432812 0.594444 0.042708 0.072222
7 0.402083 0.566667 0.011458 0.031481
7 0.405208 0.561574 0.005208 0.021296
7 0.416406 0.559722 0.005729 0.010185
7 0.422917 0.558333 0.004167 0.009259
8 0.429948 0.556944 0.003646 0.006481
4 0.484896 0.591204 0.042708 0.058333
4 0.494271 0.564352 0.025000 0.015741
1 0.509375 0.561574 0.013542 0.013889
4 0.511719 0.554167 0.010937 0.006481
4 0.500781 0.554167 0.014063 0.006481
13 0.526042 0.549074 0.016667 0.024074
1 0.542969 0.559722 0.017188 0.008333
4 0.559115 0.563426 0.020313 0.013889
8 0.573177 0.571759 0.007812 0.019444
1 0.594010 0.589815 0.029687 0.068519
4 0.614323 0.566204 0.011979 0.008333
4 0.612240 0.580093 0.010937 0.021296
4 0.633333 0.604630 0.055208 0.112963
4 0.705208 0.666667 0.163542 0.233333
4 0.496615 0.607870 0.053646 0.080556
4 0.521354 0.572685 0.016667 0.023148
4 0.533333 0.575000 0.018750 0.024074
4 0.551042 0.575926 0.038542 0.020370
6 0.375521 0.586111 0.033333 0.033333
6 0.340365 0.585648 0.034896 0.052778
4 0.120833 0.641667 0.240625 0.183333
4 0.168229 0.818056 0.335417 0.362037
4 0.404427 0.666667 0.120313 0.172222
8 0.447396 0.663426 0.047917 0.178704
6 0.443229 0.723611 0.050000 0.156481
8 0.495312 0.705556 0.081250 0.253704
6 0.495052 0.817593 0.088021 0.242593
4 0.564063 0.681481 0.115625 0.203704
8 0.883333 0.737037 0.104167 0.292593
6 0.889583 0.826389 0.127083 0.347222
