14 0.492708 0.524074 0.008333 0.014815
14 0.502083 0.525926 0.009375 0.014815
6 0.493490 0.535648 0.011979 0.012037
8 0.492969 0.529167 0.005729 0.021296
7 0.468229 0.551389 0.012500 0.060185
14 0.447917 0.542130 0.014583 0.026852
7 0.438281 0.548611 0.010937 0.060185
13 0.418229 0.525000 0.031250 0.029630
6 0.326042 0.539352 0.032292 0.036111
7 0.348698 0.582407 0.018229 0.040741
6 0.376823 0.594907 0.022396 0.069444
8 0.378385 0.574537 0.035937 0.112037
7 0.425781 0.548148 0.014063 0.055556
6 0.418490 0.591667 0.024479 0.074074
8 0.417448 0.564352 0.022396 0.087963
7 0.322656 0.567130 0.023438 0.117593
6 0.213802 0.589352 0.035937 0.047222
6 0.251823 0.639352 0.047396 0.139815
8 0.255729 0.625463 0.044792 0.178704
7 0.157031 0.662963 0.051562 0.209259
7 0.197656 0.732407 0.064062 0.377778
7 0.510156 0.542130 0.009896 0.045370
4 0.523698 0.522685 0.010937 0.008333
4 0.529167 0.548148 0.035417 0.048148
13 0.603385 0.537500 0.083854 0.087963
13 0.683594 0.550926 0.085938 0.131481
14 0.555990 0.524537 0.040104 0.026852
7 0.591406 0.556944 0.016146 0.075000
7 0.549479 0.549537 0.010417 0.060185
7 0.560156 0.526389 0.007812 0.019444
7 0.554427 0.541204 0.010937 0.039815
7 0.567448 0.533796 0.009896 0.025000
6 0.565365 0.626852 0.045312 0.122222
8 0.564063 0.598148 0.039583 0.125926
7 0.631771 0.549074 0.009375 0.037037
7 0.637760 0.583796 0.016146 0.115741
7 0.663542 0.626852 0.030208 0.155556
1 0.747135 0.640278 0.126562 0.187963
7 0.782292 0.542593 0.011458 0.012963
7 0.709115 0.611574 0.039062 0.180556
4 0.903385 0.678704 0.193229 0.233333
14 0.982292 0.741204 0.035417 0.130556
14 0.480729 0.528241 0.007292 0.015741
14 0.514062 0.515278 0.013542 0.010185
7 0.080208 0.589815 0.034375 0.148148
6 0.058073 0.751389 0.115104 0.286111
8 0.058854 0.762963 0.116667 0.227778
14 0.276562 0.562963 0.018750 0.051852
7 0.319010 0.512500 0.013021 0.028704
4 0.417187 0.536111 0.041667 0.033333
4 0.489323 0.526852 0.006771 0.012963
