14 0.536198 0.537037 0.020313 0.007407
13 0.553646 0.532407 0.014583 0.016667
14 0.567187 0.536574 0.013542 0.004630
14 0.566406 0.528704 0.010937 0.011111
1 0.543750 0.540741 0.017708 0.005556
14 0.554688 0.547685 0.007292 0.017593
1 0.569531 0.547222 0.027604 0.018519
8 0.597135 0.540278 0.004687 0.010185
4 0.589063 0.543519 0.015625 0.009259
4 0.594271 0.556481 0.021875 0.025926
4 0.619531 0.580556 0.048438 0.087037
9 0.688802 0.461574 0.009896 0.012037
9 0.680729 0.467130 0.005208 0.019444
7 0.663021 0.546296 0.007292 0.014815
7 0.683333 0.583796 0.011458 0.062037
4 0.650000 0.598611 0.069792 0.102778
1 0.711719 0.572222 0.033854 0.035185
4 0.745833 0.576389 0.056250 0.019444
4 0.742448 0.680556 0.143229 0.209259
4 0.921875 0.937037 0.155208 0.124074
7 0.515104 0.536111 0.004167 0.012963
4 0.570573 0.617593 0.083854 0.122222
1 0.532552 0.590741 0.043229 0.100000
1 0.507292 0.574074 0.022917 0.066667
7 0.493490 0.565278 0.024479 0.041667
8 0.476823 0.561111 0.008854 0.033333
8 0.461979 0.545370 0.009375 0.012963
8 0.470573 0.561111 0.019271 0.035185
8 0.457552 0.564815 0.020313 0.025926
8 0.445052 0.562500 0.018229 0.034259
8 0.445833 0.564352 0.015625 0.025000
8 0.429688 0.565278 0.016667 0.030556
8 0.415885 0.564815 0.024479 0.051852
8 0.395573 0.569907 0.011979 0.054630
8 0.388802 0.553241 0.007812 0.032407
8 0.384115 0.562037 0.010937 0.033333
10 0.390365 0.472222 0.040104 0.072222
8 0.357031 0.552315 0.014063 0.010185
4 0.448177 0.693981 0.163021 0.230556
1 0.220573 0.777778 0.379688 0.444444
6 0.029948 0.825926 0.058854 0.346296
8 0.028385 0.720833 0.055729 0.302778
7 0.324479 0.532407 0.005208 0.007407
1 0.335156 0.545833 0.039062 0.021296
