14 0.045573 0.628704 0.090104 0.383333
4 0.255208 0.629630 0.188542 0.174074
13 0.587760 0.542593 0.013021 0.029630
1 0.551562 0.554630 0.012500 0.022222
7 0.535156 0.559722 0.006771 0.023148
7 0.544792 0.566204 0.006250 0.030556
7 0.552604 0.566204 0.007292 0.036111
7 0.548438 0.568981 0.005208 0.026852
6 0.568490 0.576852 0.008854 0.020370
8 0.567187 0.554630 0.006250 0.016667
8 0.569531 0.565278 0.009896 0.030556
6 0.659635 0.602778 0.022396 0.053704
8 0.659896 0.588889 0.017708 0.064815
1 0.961979 0.664815 0.073958 0.216667
6 0.928646 0.733333 0.089583 0.207407
8 0.929688 0.676389 0.057292 0.200926
7 0.490365 0.604630 0.027604 0.101852
7 0.471094 0.620833 0.015104 0.067593
7 0.395573 0.626389 0.028646 0.113889
4 0.436458 0.594444 0.065625 0.090741
