8 0.487240 0.506019 0.005729 0.008333
6 0.486719 0.513426 0.003646 0.010185
4 0.500000 0.507407 0.009375 0.020370
7 0.502344 0.504630 0.003646 0.014815
7 0.521354 0.519444 0.005208 0.027778
7 0.527344 0.518519 0.006771 0.033333
4 0.575781 0.514352 0.051562 0.026852
14 0.556771 0.530556 0.025000 0.033333
7 0.567708 0.514815 0.009375 0.029630
7 0.540104 0.526389 0.010417 0.047222
7 0.540625 0.523611 0.007292 0.063889
6 0.582552 0.515741 0.008854 0.012963
6 0.578125 0.523148 0.027083 0.031481
6 0.591406 0.520833 0.021354 0.025000
6 0.599740 0.524537 0.029687 0.045370
2 0.633073 0.559722 0.059896 0.076852
8 0.628906 0.543056 0.025521 0.113889
7 0.659375 0.541667 0.018750 0.111111
13 0.776042 0.523148 0.139583 0.116667
7 0.747396 0.546759 0.021875 0.084259
7 0.782552 0.626389 0.039062 0.087963
7 0.681250 0.605093 0.047917 0.213889
14 0.843229 0.624074 0.090625 0.142593
7 0.848698 0.668981 0.054688 0.173148
6 0.907813 0.841667 0.184375 0.314815
8 0.922396 0.768519 0.146875 0.459259
7 0.517188 0.525463 0.009375 0.060185
6 0.504427 0.533333 0.011979 0.037037
8 0.504687 0.522222 0.012500 0.053704
7 0.482292 0.505093 0.004167 0.013889
14 0.435677 0.509722 0.031771 0.047222
4 0.469792 0.522222 0.022917 0.048148
7 0.432812 0.500926 0.004167 0.024074
7 0.452344 0.523611 0.006771 0.047222
7 0.442448 0.526852 0.006771 0.042593
8 0.435677 0.516204 0.008854 0.025000
6 0.434896 0.535185 0.010417 0.014815
14 0.404687 0.506481 0.034375 0.048148
7 0.397656 0.517593 0.005729 0.024074
7 0.406250 0.519907 0.008333 0.023148
7 0.377344 0.528704 0.011979 0.040741
6 0.429167 0.549537 0.022917 0.067593
8 0.428125 0.540278 0.018750 0.063889
6 0.392969 0.551852 0.021354 0.050000
7 0.299219 0.558796 0.014063 0.121296
7 0.258594 0.532407 0.020313 0.051852
1 0.256510 0.572685 0.101562 0.106481
6 0.348177 0.595370 0.041146 0.096296
8 0.348438 0.573148 0.034375 0.124074
8 0.341146 0.567593 0.022917 0.070370
8 0.316667 0.583333 0.034375 0.122222
6 0.261458 0.760185 0.102083 0.275926
8 0.269010 0.669907 0.068229 0.262037
8 0.241927 0.681019 0.075521 0.273148
4 0.123958 0.596759 0.176042 0.162037
6 0.481510 0.531944 0.011979 0.028704
8 0.482812 0.523148 0.011458 0.038889
14 0.492708 0.507407 0.009375 0.012963
