10 0.468750 0.439352 0.007292 0.012037
8 0.479167 0.498148 0.014583 0.033333
6 0.478125 0.522222 0.011458 0.029630
7 0.445052 0.500463 0.015104 0.043519
6 0.462240 0.531944 0.022396 0.052778
8 0.460938 0.507870 0.017708 0.043519
6 0.352083 0.710185 0.091667 0.262963
8 0.360156 0.637037 0.057813 0.246296
8 0.337240 0.634722 0.088021 0.269444
3 0.650521 0.477778 0.329167 0.174074
13 0.684635 0.545833 0.174479 0.400926
4 0.849479 0.541667 0.072917 0.094444
6 0.447656 0.516204 0.008854 0.028704
6 0.883854 0.561111 0.016667 0.035185
8 0.878646 0.528704 0.015625 0.040741
