6 0.013281 0.629630 0.025521 0.109259
6 0.121354 0.610185 0.037500 0.116667
7 0.369010 0.571296 0.018229 0.051852
7 0.354948 0.574074 0.022396 0.120370
8 0.463542 0.508796 0.007292 0.006481
6 0.464323 0.516667 0.005729 0.009259
1 0.474479 0.510648 0.011458 0.019444
8 0.469010 0.512500 0.008854 0.013889
6 0.469531 0.519907 0.007812 0.013889
1 0.484896 0.514815 0.011458 0.022222
7 0.455990 0.507407 0.004687 0.016667
7 0.448698 0.512500 0.007812 0.026852
7 0.498698 0.512500 0.004687 0.019444
7 0.496094 0.516667 0.004687 0.022222
7 0.452083 0.519907 0.007292 0.021296
7 0.460417 0.523611 0.009375 0.025000
7 0.472917 0.523148 0.009375 0.020370
7 0.489844 0.515741 0.011979 0.014815
13 0.521615 0.514815 0.035937 0.062963
8 0.538802 0.524074 0.007812 0.009259
6 0.543490 0.561111 0.022396 0.057407
8 0.543750 0.542593 0.018750 0.053704
7 0.608333 0.517130 0.008333 0.013889
7 0.616667 0.530556 0.007292 0.044444
7 0.625521 0.528241 0.011458 0.043519
7 0.605469 0.543981 0.014063 0.054630
7 0.651823 0.519907 0.008854 0.025000
4 0.694010 0.535185 0.053646 0.046296
7 0.583073 0.547685 0.022396 0.073148
7 0.641927 0.537963 0.014063 0.048148
6 0.613281 0.573148 0.016146 0.040741
6 0.631771 0.567593 0.033333 0.068519
7 0.669531 0.536574 0.013021 0.049074
7 0.654427 0.543519 0.014063 0.062963
6 0.663281 0.585648 0.044271 0.084259
8 0.662500 0.575000 0.020833 0.111111
7 0.894271 0.570833 0.025000 0.119444
7 0.924479 0.610185 0.021875 0.066667
7 0.943490 0.632870 0.026562 0.099074
6 0.992708 0.957870 0.014583 0.084259
8 0.996615 0.861111 0.005729 0.118519
1 0.789583 0.760648 0.251042 0.478704
7 0.491146 0.526389 0.010417 0.026852
7 0.447917 0.551389 0.022917 0.065741
6 0.453385 0.621759 0.018229 0.078704
7 0.482292 0.543056 0.013542 0.049074
7 0.472917 0.602778 0.034375 0.146296
6 0.499479 0.669907 0.063542 0.193519
8 0.498437 0.615741 0.050000 0.157407
7 0.406771 0.633796 0.016667 0.178704
7 0.392969 0.646759 0.046354 0.204630
7 0.427344 0.640741 0.048438 0.250000
