10 0.519271 0.499074 0.011458 0.016667
3 0.534896 0.542593 0.031250 0.031481
14 0.510417 0.551389 0.017708 0.008333
8 0.504948 0.557870 0.005729 0.017593
1 0.500000 0.562963 0.009375 0.025926
4 0.514583 0.565741 0.022917 0.027778
6 0.503906 0.567593 0.006771 0.011111
4 0.523958 0.568519 0.025000 0.027778
4 0.535677 0.570370 0.038021 0.024074
14 0.563021 0.549074 0.007292 0.014815
7 0.579167 0.577778 0.012500 0.046296
6 0.610156 0.553241 0.008854 0.010185
8 0.609896 0.545833 0.004167 0.010185
4 0.651042 0.562963 0.031250 0.040741
4 0.701042 0.557407 0.034375 0.035185
8 0.689063 0.564815 0.010417 0.024074
3 0.940625 0.533333 0.118750 0.198148
8 0.826562 0.708796 0.072917 0.267593
6 0.754167 0.837037 0.181250 0.324074
6 0.843490 0.869907 0.103646 0.228704
8 0.733073 0.777778 0.138021 0.424074
6 0.629167 0.650000 0.045833 0.122222
8 0.629948 0.620370 0.041146 0.118519
4 0.555990 0.622222 0.069271 0.120370
3 0.476823 0.541204 0.033854 0.032407
1 0.440365 0.588426 0.035937 0.078704
1 0.473698 0.565278 0.043229 0.028704
1 0.423698 0.577315 0.016146 0.056481
4 0.480469 0.686111 0.152604 0.250000
13 0.207813 0.465741 0.411458 0.722222
