7 0.520312 0.530556 0.007292 0.038889
7 0.532813 0.517593 0.005208 0.011111
7 0.529948 0.538889 0.008854 0.051852
7 0.540365 0.543519 0.009896 0.061111
7 0.581771 0.567130 0.014583 0.084259
7 0.661979 0.584722 0.016667 0.089815
7 0.682031 0.576852 0.013021 0.042593
7 0.675521 0.568056 0.017708 0.087963
7 0.704167 0.581481 0.014583 0.018519
7 0.738021 0.590741 0.010417 0.040741
6 0.725260 0.616667 0.034896 0.107407
6 0.693750 0.639815 0.057292 0.101852
7 0.757031 0.692130 0.057813 0.334259
6 0.952083 0.774537 0.091667 0.263889
8 0.953906 0.688889 0.090104 0.244444
6 0.880208 0.874074 0.237500 0.251852
7 0.539844 0.530556 0.007812 0.031481
6 0.611979 0.610185 0.048958 0.083333
8 0.512500 0.538889 0.008333 0.050000
6 0.514844 0.544907 0.008854 0.034259
14 0.458073 0.521296 0.016146 0.024074
7 0.441667 0.512963 0.005208 0.014815
7 0.461719 0.537963 0.004687 0.048148
7 0.467187 0.534722 0.008333 0.054630
7 0.472656 0.538426 0.010937 0.050926
1 0.491667 0.552315 0.038542 0.082407
7 0.441927 0.515278 0.004687 0.019444
14 0.430208 0.525000 0.014583 0.044444
7 0.455729 0.543981 0.010417 0.071296
8 0.439844 0.557407 0.020313 0.079630
6 0.438281 0.570370 0.025521 0.062963
13 0.381771 0.545370 0.092708 0.168519
7 0.223958 0.619444 0.032292 0.181481
2 0.191927 0.691204 0.040104 0.182407
6 0.128385 0.574537 0.040104 0.128704
7 0.082812 0.583333 0.051042 0.170370
7 0.091146 0.742130 0.101042 0.404630
7 0.023177 0.852778 0.045312 0.235185
14 0.363021 0.725463 0.145833 0.195370
7 0.350521 0.665741 0.079167 0.288889
6 0.283073 0.838426 0.189062 0.323148
8 0.300260 0.754167 0.146354 0.454630
8 0.810156 0.628241 0.038021 0.141667
8 0.827604 0.676389 0.057292 0.245370
8 0.886198 0.788889 0.202604 0.420370
13 0.567708 0.523611 0.028125 0.043519
10 0.096094 0.375926 0.020313 0.105556
7 0.129427 0.260648 0.019271 0.049074
7 0.316927 0.560185 0.020313 0.035185
10 0.041927 0.428241 0.023438 0.075000
6 0.472917 0.543519 0.008333 0.048148
7 0.600260 0.552778 0.014063 0.057407
