7 0.410677 0.557870 0.013021 0.041667
7 0.456771 0.548611 0.009375 0.026852
10 0.691927 0.434259 0.026562 0.031481
14 0.003646 0.548148 0.006250 0.020370
14 0.018750 0.544444 0.007292 0.009259
14 0.027604 0.550463 0.022917 0.012037
14 0.085417 0.545370 0.034375 0.018519
4 0.086198 0.550463 0.033854 0.010185
1 0.105990 0.546296 0.007812 0.009259
14 0.144010 0.550000 0.017188 0.016667
8 0.152604 0.557870 0.010417 0.032407
8 0.155469 0.548148 0.005729 0.011111
8 0.147135 0.559722 0.007812 0.032407
1 0.126823 0.558796 0.040104 0.037963
4 0.193750 0.554630 0.034375 0.025926
4 0.177604 0.559722 0.046875 0.028704
1 0.250000 0.552315 0.007292 0.019444
1 0.230469 0.556944 0.042188 0.034259
1 0.325521 0.553241 0.022917 0.019444
8 0.326302 0.552315 0.004687 0.015741
8 0.322396 0.554630 0.005208 0.014815
8 0.314323 0.555093 0.004687 0.019444
8 0.330208 0.553241 0.005208 0.010185
7 0.353125 0.550463 0.007292 0.013889
6 0.386979 0.569907 0.020833 0.019444
8 0.383594 0.562500 0.008854 0.028704
4 0.348698 0.567593 0.067187 0.024074
14 0.022135 0.560648 0.043229 0.012037
8 0.116667 0.568056 0.011458 0.025000
8 0.224740 0.570833 0.018229 0.045370
6 0.231510 0.595833 0.019271 0.032407
4 0.188802 0.607407 0.097396 0.085185
8 0.265104 0.568056 0.008333 0.021296
8 0.260156 0.572685 0.011979 0.034259
4 0.298438 0.584722 0.077083 0.039815
6 0.434896 0.597685 0.019792 0.026852
8 0.419010 0.576852 0.020313 0.055556
7 0.619792 0.553704 0.007292 0.031481
1 0.562240 0.576852 0.070312 0.061111
4 0.684115 0.547685 0.097396 0.032407
7 0.867188 0.563426 0.007292 0.036111
4 0.857812 0.573611 0.019792 0.036111
4 0.920573 0.573148 0.071354 0.040741
4 0.828906 0.572685 0.054688 0.054630
8 0.819271 0.587500 0.019792 0.063889
1 0.780729 0.618981 0.067708 0.150926
8 0.877604 0.570370 0.029167 0.042593
8 0.576042 0.607870 0.026042 0.106481
8 0.498958 0.568056 0.022917 0.039815
8 0.455208 0.579167 0.018750 0.049074
4 0.080469 0.645833 0.159896 0.186111
8 0.282813 0.575000 0.018750 0.040741
8 0.285677 0.583333 0.025521 0.048148
6 0.198437 0.618519 0.043750 0.042593
8 0.200781 0.591204 0.031771 0.069444
8 0.250000 0.589352 0.027083 0.047222
4 0.359375 0.600926 0.145833 0.051852
6 0.073698 0.733796 0.114062 0.184259
8 0.077083 0.668519 0.084375 0.203704
4 0.511979 0.701852 0.146875 0.240741
8 0.598958 0.620370 0.041667 0.153704
6 0.579427 0.770370 0.030729 0.157407
8 0.769792 0.568056 0.021875 0.021296
1 0.684896 0.775000 0.227083 0.450000
4 0.894010 0.785648 0.211979 0.395370
4 0.975260 0.941667 0.049479 0.116667
4 0.305208 0.797222 0.439583 0.401852
9 0.460677 0.489352 0.006771 0.028704
9 0.461458 0.540741 0.007292 0.014815
7 0.686719 0.800463 0.095312 0.399074
9 0.034635 0.392130 0.028646 0.023148
8 0.046875 0.548611 0.007292 0.010185
8 0.366667 0.562500 0.016667 0.028704
8 0.353385 0.562037 0.018229 0.025926
7 0.465104 0.562500 0.006250 0.043519
