4 0.563802 0.578704 0.018229 0.018519
6 0.569531 0.587500 0.004687 0.012037
8 0.569531 0.581944 0.005729 0.023148
14 0.577865 0.582407 0.011979 0.025926
4 0.585677 0.586574 0.017188 0.028704
6 0.589323 0.592593 0.011979 0.018519
6 0.595313 0.594907 0.012500 0.025000
4 0.623958 0.592593 0.060417 0.046296
6 0.638802 0.598611 0.032813 0.034259
6 0.636979 0.626852 0.034375 0.037037
6 0.654948 0.621296 0.047396 0.066667
6 0.669010 0.630093 0.057813 0.067593
8 0.663021 0.609259 0.017708 0.072222
7 0.808854 0.625000 0.025000 0.118519
6 0.552865 0.587037 0.005729 0.014815
8 0.552865 0.575926 0.005729 0.016667
4 0.520833 0.579167 0.014583 0.025000
8 0.524740 0.580093 0.005729 0.023148
6 0.523698 0.586574 0.005729 0.013889
8 0.528906 0.575463 0.005729 0.017593
6 0.527865 0.587500 0.005729 0.015741
4 0.539844 0.586574 0.026562 0.041667
0 0.648698 0.652315 0.016146 0.041667
7 0.512500 0.576852 0.004167 0.014815
7 0.501823 0.578704 0.003646 0.022222
8 0.504167 0.581944 0.004167 0.025000
8 0.498958 0.582407 0.009375 0.031481
6 0.498958 0.587963 0.009375 0.022222
4 0.423438 0.607407 0.064583 0.094444
10 0.329948 0.476389 0.046354 0.082407
10 0.333073 0.426389 0.018229 0.010185
7 0.124740 0.620833 0.032813 0.189815
1 0.188281 0.676389 0.143229 0.249074
6 0.044531 0.622685 0.081771 0.119444
6 0.021094 0.636111 0.040104 0.112963
6 0.007552 0.652315 0.015104 0.110185
7 0.301302 0.570370 0.006771 0.068519
7 0.297656 0.568519 0.011979 0.083333
4 0.912240 0.795370 0.175521 0.361111
10 0.840885 0.398611 0.017188 0.082407
2 0.504948 0.587963 0.004687 0.016667
10 0.842969 0.456944 0.018229 0.026852
