14 0.510156 0.509259 0.011979 0.009259
1 0.499219 0.507870 0.006771 0.012037
7 0.490365 0.509722 0.003646 0.010185
14 0.506510 0.508796 0.003646 0.010185
6 0.494792 0.518056 0.004167 0.010185
8 0.495312 0.509259 0.005208 0.012963
7 0.519010 0.513426 0.004687 0.013889
1 0.464583 0.517593 0.014583 0.029630
6 0.583333 0.521296 0.015625 0.016667
8 0.584896 0.512037 0.006250 0.024074
8 0.554948 0.515278 0.006771 0.025000
6 0.554427 0.519907 0.005729 0.017593
6 0.547396 0.520833 0.012500 0.017593
8 0.544792 0.510648 0.006250 0.021296
8 0.548438 0.512963 0.008333 0.020370
3 0.242708 0.504167 0.257292 0.341667
7 0.716927 0.509259 0.011979 0.025926
14 0.532031 0.519907 0.016146 0.032407
6 0.532813 0.541667 0.014583 0.035185
8 0.532813 0.525463 0.014583 0.036111
6 0.637760 0.530093 0.020313 0.019444
