4 0.433073 0.550000 0.083854 0.062963
7 0.544271 0.559722 0.017708 0.065741
7 0.557552 0.554167 0.007812 0.012037
7 0.559896 0.558796 0.025000 0.060185
7 0.575521 0.559722 0.019792 0.078704
8 0.592187 0.531019 0.008333 0.015741
6 0.619792 0.612037 0.031250 0.127778
8 0.596615 0.596296 0.033854 0.161111
7 0.604427 0.535185 0.006771 0.011111
7 0.611198 0.537500 0.007812 0.021296
7 0.627604 0.553704 0.014583 0.072222
7 0.638021 0.577778 0.019792 0.122222
6 0.652604 0.606481 0.027083 0.094444
8 0.654948 0.590278 0.043229 0.125000
6 0.658854 0.540278 0.008333 0.023148
1 0.676562 0.534259 0.028125 0.040741
4 0.702344 0.542130 0.028646 0.034259
6 0.704427 0.550926 0.015104 0.038889
8 0.703646 0.537037 0.014583 0.046296
6 0.716406 0.549537 0.013021 0.028704
8 0.717708 0.536111 0.011458 0.037037
13 0.742708 0.529630 0.037500 0.068519
13 0.778385 0.527315 0.036979 0.076852
6 0.759375 0.595833 0.042708 0.102778
8 0.752344 0.565278 0.023438 0.119444
8 0.760417 0.563889 0.034375 0.098148
7 0.904427 0.556944 0.017188 0.093519
7 0.919271 0.554630 0.016667 0.100000
7 0.989062 0.574074 0.020833 0.155556
13 0.886458 0.507870 0.054167 0.099074
7 0.609375 0.544907 0.021875 0.019444
