10 0.456771 0.474537 0.021875 0.030556
7 0.461719 0.534722 0.010937 0.026852
13 0.655729 0.524537 0.011458 0.023148
13 0.641667 0.523611 0.027083 0.032407
13 0.683073 0.524537 0.019271 0.052778
6 0.767708 0.538426 0.010417 0.013889
7 0.748698 0.546296 0.005729 0.048148
3 0.719792 0.545370 0.058333 0.125926
6 0.756771 0.533796 0.014583 0.023148
6 0.813802 0.541204 0.017188 0.021296
6 0.831510 0.537500 0.018229 0.026852
14 0.840365 0.560648 0.024479 0.034259
7 0.843490 0.545833 0.008854 0.047222
7 0.861719 0.553241 0.007812 0.058333
7 0.854948 0.554630 0.008854 0.070370
7 0.871615 0.553241 0.009896 0.065741
6 0.901042 0.551852 0.020833 0.055556
6 0.919271 0.558796 0.030208 0.060185
6 0.927083 0.565278 0.041667 0.056481
6 0.828646 0.596296 0.036458 0.072222
6 0.848177 0.609722 0.036979 0.076852
6 0.872135 0.607870 0.028646 0.104630
7 0.931771 0.570833 0.036458 0.080556
6 0.933854 0.645370 0.054167 0.109259
13 0.657552 0.525000 0.008854 0.022222
8 0.664583 0.525463 0.005208 0.017593
6 0.664583 0.530093 0.007292 0.015741
8 0.633594 0.532407 0.008854 0.025926
6 0.634635 0.540741 0.010937 0.024074
4 0.616406 0.533333 0.027604 0.029630
7 0.608854 0.537963 0.008333 0.031481
7 0.553906 0.521759 0.006771 0.013889
4 0.567708 0.550463 0.031250 0.047222
4 0.546094 0.554630 0.032813 0.061111
13 0.502604 0.538889 0.062500 0.131481
7 0.546354 0.564352 0.016667 0.076852
6 0.368229 0.603704 0.042708 0.083333
7 0.873177 0.511111 0.006771 0.014815
7 0.887500 0.519907 0.005208 0.026852
