7 0.077865 0.512963 0.020313 0.075926
7 0.100000 0.543519 0.007292 0.029630
7 0.110417 0.542593 0.013542 0.031481
6 0.189323 0.622685 0.045312 0.112037
7 0.174740 0.708333 0.043229 0.111111
7 0.254948 0.617593 0.027604 0.162963
7 0.332292 0.617130 0.031250 0.167593
7 0.268750 0.683796 0.042708 0.095370
7 0.366406 0.586574 0.028646 0.128704
7 0.421094 0.574537 0.021354 0.093519
6 0.434375 0.595370 0.029167 0.081481
8 0.444271 0.590278 0.025000 0.115741
7 0.465104 0.547222 0.011458 0.062963
7 0.556250 0.524074 0.004167 0.016667
6 0.547656 0.538426 0.009896 0.017593
8 0.547396 0.527315 0.009375 0.026852
6 0.561198 0.531019 0.006771 0.013889
8 0.561719 0.525000 0.007812 0.022222
6 0.536979 0.530093 0.006250 0.017593
7 0.532552 0.531481 0.006771 0.035185
6 0.573177 0.536574 0.006771 0.023148
8 0.573438 0.530093 0.007292 0.034259
7 0.521354 0.541667 0.009375 0.042593
7 0.484115 0.529630 0.007812 0.031481
7 0.494010 0.528241 0.007812 0.030556
7 0.500521 0.521759 0.006250 0.023148
6 0.510417 0.551389 0.012500 0.025000
8 0.509635 0.531019 0.010937 0.028704
1 0.584375 0.538426 0.023958 0.050926
7 0.617448 0.544444 0.009896 0.053704
7 0.622396 0.553241 0.013542 0.060185
6 0.655729 0.593056 0.030208 0.078704
8 0.654427 0.569907 0.021354 0.080556
7 0.681510 0.570833 0.016146 0.036111
7 0.610417 0.534259 0.007292 0.012963
8 0.743490 0.575463 0.026562 0.067593
6 0.771875 0.571296 0.022917 0.062963
6 0.739844 0.700000 0.077604 0.211111
8 0.720313 0.637963 0.040625 0.205556
8 0.742188 0.644444 0.071875 0.207407
6 0.866146 0.662037 0.064583 0.159259
8 0.861719 0.637037 0.047396 0.188889
14 0.601302 0.541667 0.007812 0.018519
6 0.495312 0.663889 0.052083 0.161111
8 0.495312 0.618519 0.046875 0.174074
7 0.753646 0.550926 0.011458 0.057407
7 0.717448 0.540278 0.011979 0.028704
14 0.295833 0.644907 0.070833 0.100926
7 0.208073 0.680556 0.038021 0.094444
7 0.472656 0.525000 0.006771 0.016667
7 0.469792 0.561574 0.017708 0.095370
