8 0.425260 0.500463 0.004687 0.013889
6 0.425781 0.509259 0.004687 0.009259
8 0.429948 0.500926 0.004687 0.011111
6 0.429427 0.510648 0.004687 0.010185
7 0.435677 0.500926 0.003646 0.018519
1 0.457031 0.506481 0.010937 0.025926
6 0.463802 0.510185 0.004687 0.018519
8 0.463281 0.503704 0.004687 0.024074
1 0.470833 0.508796 0.013542 0.028704
7 0.564844 0.504630 0.008854 0.020370
7 0.563542 0.540278 0.019792 0.058333
8 0.446875 0.502778 0.008333 0.016667
6 0.445052 0.514815 0.007812 0.014815
13 0.519531 0.509259 0.065104 0.122222
8 0.451562 0.520833 0.014583 0.028704
6 0.452604 0.537037 0.010417 0.035185
8 0.482552 0.518981 0.014063 0.017593
8 0.484635 0.526389 0.014063 0.026852
6 0.487240 0.553241 0.016146 0.058333
8 0.524740 0.530556 0.023438 0.037037
8 0.525781 0.551389 0.022396 0.078704
6 0.523698 0.575463 0.031771 0.067593
14 0.576823 0.567130 0.031771 0.058333
8 0.585677 0.584722 0.029687 0.141667
7 0.643750 0.539815 0.019792 0.100000
14 0.852083 0.633333 0.093750 0.127778
7 0.884115 0.548611 0.034896 0.071296
7 0.923177 0.605093 0.041146 0.236111
13 0.973177 0.523611 0.053646 0.343519
7 0.415625 0.506019 0.003125 0.015741
7 0.418750 0.512037 0.005208 0.033333
7 0.356250 0.506019 0.009375 0.021296
7 0.364323 0.532870 0.017188 0.049074
7 0.346615 0.554630 0.014063 0.103704
7 0.322656 0.529630 0.018229 0.044444
7 0.298958 0.531481 0.025000 0.059259
6 0.332813 0.559259 0.038542 0.096296
7 0.221875 0.559259 0.026042 0.087037
6 0.352604 0.584722 0.035417 0.106481
7 0.398698 0.523148 0.015104 0.037037
6 0.413542 0.587037 0.028125 0.064815
8 0.413281 0.556944 0.030729 0.097222
8 0.384635 0.581481 0.048438 0.151852
6 0.379948 0.617593 0.035937 0.098148
14 0.291146 0.570370 0.056250 0.027778
14 0.294010 0.624074 0.092188 0.083333
7 0.184896 0.572222 0.029167 0.061111
13 0.096615 0.521296 0.192188 0.255556
7 0.042708 0.728241 0.084375 0.404630
6 0.432812 0.781481 0.107292 0.338889
8 0.432292 0.721296 0.097917 0.333333
7 0.470313 0.575926 0.027083 0.138889
7 0.796615 0.590741 0.031771 0.177778
7 0.275521 0.538426 0.017708 0.036111
7 0.385937 0.498611 0.004167 0.012037
7 0.393229 0.501389 0.003125 0.015741
7 0.398958 0.500463 0.005208 0.013889
7 0.370052 0.513426 0.006771 0.019444
6 0.441146 0.504630 0.004167 0.011111
8 0.440885 0.499537 0.004687 0.015741
