13 0.605990 0.510648 0.021354 0.039815
13 0.526042 0.525000 0.023958 0.050000
4 0.590885 0.575926 0.068229 0.116667
1 0.555208 0.531944 0.025000 0.047222
7 0.618229 0.534259 0.008333 0.050000
7 0.626042 0.537963 0.006250 0.046296
7 0.622656 0.543056 0.006771 0.043519
7 0.636719 0.526389 0.004687 0.019444
7 0.652865 0.520833 0.007812 0.013889
6 0.655990 0.591204 0.021354 0.071296
8 0.654167 0.566667 0.022917 0.085185
14 0.652865 0.507870 0.011979 0.017593
0 0.749740 0.622222 0.017188 0.046296
7 0.863802 0.668056 0.052604 0.262037
6 0.486458 0.577778 0.029167 0.079630
8 0.491406 0.555556 0.020313 0.070370
4 0.218750 0.635648 0.196875 0.269444
6 0.635156 0.550000 0.013021 0.040741
2 0.834896 0.607407 0.035417 0.085185
