14 0.508073 0.503241 0.009896 0.010185
13 0.494531 0.500463 0.020313 0.021296
4 0.509896 0.515278 0.013542 0.019444
7 0.514583 0.505556 0.005208 0.007407
1 0.521354 0.511111 0.012500 0.025926
6 0.515885 0.525926 0.006771 0.020370
8 0.516667 0.514815 0.007292 0.016667
6 0.520052 0.533333 0.010937 0.027778
8 0.520833 0.524074 0.011458 0.029630
7 0.534115 0.518981 0.006771 0.025000
7 0.537500 0.513889 0.007292 0.012963
6 0.538021 0.535185 0.008333 0.020370
8 0.539062 0.522222 0.009375 0.020370
6 0.546615 0.543519 0.015104 0.042593
8 0.546875 0.535185 0.016667 0.042593
6 0.462500 0.535648 0.013542 0.023148
6 0.452344 0.533796 0.021354 0.025000
1 0.495052 0.531481 0.020313 0.046296
6 0.477083 0.564352 0.027083 0.067593
8 0.479427 0.549074 0.022396 0.066667
4 0.438542 0.540278 0.011458 0.063889
13 0.407813 0.518519 0.061458 0.150000
6 0.386979 0.572222 0.058333 0.070370
6 0.247396 0.614352 0.057292 0.162037
6 0.579167 0.559259 0.022917 0.057407
8 0.578125 0.545370 0.016667 0.059259
6 0.629948 0.555556 0.029687 0.040741
7 0.679427 0.537037 0.008854 0.024074
2 0.687240 0.567593 0.017188 0.044444
6 0.700260 0.572222 0.028646 0.038889
8 0.703906 0.562963 0.016146 0.053704
7 0.658333 0.571296 0.018750 0.090741
7 0.852604 0.556481 0.020833 0.074074
6 0.852604 0.602778 0.048958 0.111111
6 0.887500 0.622222 0.068750 0.137037
8 0.886979 0.609259 0.062500 0.138889
6 0.952604 0.648148 0.094792 0.125926
6 0.736719 0.678704 0.060937 0.187037
8 0.737760 0.636574 0.060937 0.195370
