4 0.502604 0.530556 0.021875 0.035185
7 0.487500 0.523148 0.005208 0.027778
7 0.483594 0.526389 0.005729 0.028704
7 0.464844 0.533333 0.007812 0.040741
8 0.450260 0.535648 0.008854 0.056481
6 0.454427 0.544907 0.010937 0.032407
8 0.430208 0.532870 0.006250 0.036111
6 0.428125 0.563889 0.018750 0.046296
7 0.433854 0.561111 0.019792 0.087037
7 0.403385 0.577778 0.027604 0.129630
7 0.389583 0.556944 0.016667 0.093519
7 0.371615 0.584259 0.023438 0.150000
7 0.357812 0.589815 0.028125 0.155556
7 0.334635 0.620833 0.044271 0.213889
7 0.272656 0.550000 0.019271 0.053704
7 0.253646 0.576852 0.025000 0.098148
7 0.214583 0.607407 0.014583 0.100000
7 0.230729 0.620370 0.034375 0.224074
7 0.500260 0.533333 0.006771 0.050000
7 0.228385 0.624074 0.019271 0.168519
7 0.086458 0.700926 0.058333 0.327778
7 0.136719 0.737037 0.081771 0.377778
7 0.525260 0.534722 0.005729 0.037963
7 0.529167 0.533333 0.006250 0.040741
7 0.531250 0.535185 0.006250 0.037037
7 0.535677 0.531944 0.008854 0.045370
7 0.545052 0.533333 0.005729 0.035185
6 0.557552 0.550463 0.016146 0.032407
7 0.572656 0.535185 0.016146 0.035185
6 0.571615 0.558796 0.008854 0.028704
6 0.583333 0.560648 0.028125 0.054630
1 0.608594 0.564815 0.030729 0.101852
1 0.641146 0.596296 0.083333 0.155556
7 0.734896 0.559259 0.017708 0.085185
7 0.753125 0.562037 0.023958 0.090741
6 0.702344 0.601852 0.025521 0.079630
6 0.742448 0.636574 0.078646 0.158333
7 0.778125 0.558796 0.031250 0.119444
7 0.791406 0.568519 0.025521 0.144444
7 0.848177 0.616667 0.025521 0.192593
7 0.882812 0.531944 0.023958 0.075000
7 0.920573 0.529167 0.021354 0.043519
7 0.919010 0.567130 0.039062 0.076852
7 0.951042 0.541204 0.022917 0.049074
7 0.939323 0.606944 0.041146 0.100926
7 0.978906 0.698148 0.041146 0.205556
7 0.953125 0.777778 0.091667 0.444444
7 0.880990 0.657870 0.047396 0.295370
7 0.827865 0.695833 0.061979 0.326852
7 0.188542 0.584259 0.018750 0.057407
7 0.173698 0.579167 0.016146 0.050926
7 0.311979 0.552315 0.019792 0.039815
6 0.314583 0.596759 0.017708 0.065741
7 0.284896 0.610185 0.034375 0.168519
6 0.268229 0.624074 0.031250 0.118519
13 0.165365 0.534722 0.095312 0.134259
14 0.474740 0.536111 0.015104 0.025926
