14 0.532813 0.543981 0.011458 0.008333
3 0.512760 0.530093 0.028646 0.028704
9 0.530729 0.442593 0.013542 0.007407
9 0.541667 0.441667 0.006250 0.007407
10 0.553125 0.455093 0.018750 0.025000
10 0.570052 0.516667 0.006771 0.011111
14 0.586979 0.539352 0.007292 0.006481
4 0.585417 0.544444 0.008333 0.014815
6 0.590885 0.554630 0.007812 0.014815
8 0.590104 0.544444 0.006250 0.014815
14 0.623437 0.526852 0.015625 0.014815
13 0.603125 0.530556 0.027083 0.033333
14 0.662240 0.545833 0.006771 0.017593
3 0.957812 0.492593 0.077083 0.044444
1 0.916146 0.513426 0.022917 0.012037
1 0.958854 0.510185 0.026042 0.012963
8 0.944271 0.510648 0.007292 0.012037
8 0.956510 0.512037 0.007812 0.007407
8 0.938802 0.512500 0.005729 0.010185
8 0.933073 0.512500 0.006771 0.012037
8 0.920312 0.515278 0.005208 0.006481
8 0.925521 0.514815 0.004167 0.007407
7 0.780208 0.528704 0.006250 0.022222
7 0.779687 0.541204 0.008333 0.021296
10 0.745052 0.520370 0.017188 0.018519
6 0.749219 0.546296 0.009896 0.025926
6 0.752083 0.547685 0.006250 0.028704
10 0.789323 0.501389 0.005729 0.030556
4 0.801823 0.531944 0.015104 0.021296
7 0.827083 0.529630 0.011458 0.020370
13 0.875000 0.506019 0.061458 0.062037
8 0.856250 0.526852 0.007292 0.024074
8 0.866667 0.525463 0.010417 0.021296
6 0.892969 0.541667 0.024479 0.031481
8 0.893490 0.532407 0.011979 0.038889
6 0.843750 0.548611 0.027083 0.032407
8 0.843750 0.540278 0.011458 0.050926
6 0.860677 0.548148 0.022396 0.031481
8 0.862240 0.543056 0.011979 0.043519
6 0.875000 0.547222 0.030208 0.029630
8 0.876042 0.537963 0.013542 0.048148
4 0.552083 0.548611 0.028125 0.013889
14 0.501302 0.539352 0.020313 0.006481
6 0.423958 0.597222 0.009375 0.025926
8 0.422917 0.576852 0.010417 0.046296
4 0.566927 0.589815 0.043229 0.081481
8 0.609375 0.567130 0.016667 0.039815
6 0.600781 0.662037 0.052604 0.164815
8 0.600521 0.626852 0.052083 0.164815
10 0.601823 0.510185 0.011979 0.025926
10 0.604167 0.531944 0.009375 0.008333
4 0.560417 0.623148 0.008333 0.088889
13 0.225521 0.449537 0.387500 0.678704
1 0.487500 0.715741 0.158333 0.353704
9 0.881510 0.442130 0.009896 0.039815
9 0.873698 0.474537 0.009896 0.028704
10 0.705729 0.509722 0.011458 0.010185
10 0.619271 0.477778 0.014583 0.020370
10 0.619792 0.497222 0.014583 0.009259
10 0.570052 0.525463 0.006771 0.004630
10 0.570312 0.531481 0.007292 0.007407
4 0.704167 0.547685 0.038542 0.037963
