13 0.519271 0.522685 0.013542 0.032407
7 0.525521 0.528241 0.004167 0.019444
14 0.546615 0.524074 0.007812 0.020370
8 0.548438 0.560185 0.014583 0.068519
6 0.545833 0.575463 0.013542 0.065741
7 0.556771 0.535648 0.005208 0.030556
6 0.584896 0.560185 0.025000 0.042593
6 0.617448 0.588426 0.032813 0.076852
7 0.659115 0.560185 0.019271 0.088889
7 0.707292 0.572222 0.015625 0.040741
7 0.726302 0.588426 0.018229 0.049074
7 0.689063 0.615278 0.034375 0.167593
7 0.769792 0.586111 0.025000 0.070370
7 0.932813 0.650926 0.057292 0.111111
6 0.857812 0.664815 0.115625 0.133333
7 0.506510 0.528704 0.007812 0.029630
14 0.492448 0.539815 0.013021 0.024074
7 0.491927 0.532407 0.008854 0.037037
7 0.499479 0.531019 0.005208 0.025000
7 0.472135 0.527778 0.005729 0.018519
7 0.464062 0.534259 0.004167 0.014815
6 0.452083 0.544907 0.011458 0.039815
7 0.430469 0.522222 0.007812 0.035185
7 0.420052 0.518056 0.008854 0.030556
7 0.369531 0.531944 0.010937 0.019444
8 0.415625 0.606944 0.053125 0.182407
6 0.416406 0.659259 0.054688 0.174074
6 0.526302 0.535185 0.003646 0.012963
7 0.531510 0.587037 0.023438 0.153704
7 0.243750 0.552778 0.021875 0.105556
7 0.317188 0.642593 0.044792 0.203704
7 0.179688 0.616204 0.036458 0.247222
7 0.050781 0.648611 0.041146 0.137963
6 0.218490 0.530093 0.022396 0.036111
7 0.589323 0.533796 0.008854 0.030556
