10 0.397135 0.456944 0.005729 0.012037
7 0.401823 0.488889 0.005729 0.025926
7 0.395313 0.489352 0.005208 0.025000
7 0.392708 0.492130 0.007292 0.030556
6 0.408073 0.532870 0.020313 0.050926
8 0.408073 0.519444 0.017188 0.059259
13 0.467187 0.461111 0.070833 0.205556
3 0.534115 0.489352 0.010937 0.030556
13 0.517188 0.492130 0.025000 0.060185
7 0.577083 0.499537 0.004167 0.023148
13 0.606250 0.515741 0.052083 0.120370
1 0.659375 0.571759 0.075000 0.141667
14 0.340885 0.478704 0.089063 0.201852
6 0.204948 0.518519 0.019271 0.062963
6 0.023177 0.525000 0.045312 0.077778
0 0.040104 0.590741 0.051042 0.053704
6 0.015885 0.689815 0.031771 0.203704
8 0.010937 0.696296 0.020833 0.211111
0 0.891667 0.597222 0.019792 0.014815
