4 0.476302 0.535648 0.017188 0.025000
1 0.444792 0.536111 0.008333 0.029630
1 0.458854 0.527778 0.017708 0.011111
1 0.458594 0.550000 0.021354 0.040741
10 0.410938 0.491204 0.012500 0.017593
13 0.420573 0.531481 0.033854 0.066667
6 0.460938 0.557870 0.012500 0.036111
8 0.460677 0.542130 0.013021 0.039815
6 0.438281 0.560648 0.018229 0.050926
8 0.439583 0.551852 0.013542 0.053704
14 0.147656 0.617130 0.294271 0.419444
6 0.511719 0.551852 0.011979 0.031481
8 0.510677 0.543981 0.010937 0.037963
7 0.539062 0.538889 0.004167 0.027778
7 0.537500 0.546759 0.008333 0.039815
6 0.528906 0.579630 0.021354 0.055556
8 0.530208 0.559259 0.018750 0.064815
7 0.559375 0.558796 0.011458 0.060185
6 0.596615 0.552778 0.038021 0.044444
6 0.628906 0.568056 0.034896 0.041667
7 0.592187 0.568519 0.014583 0.077778
6 0.569792 0.576389 0.020833 0.034259
7 0.572396 0.562963 0.015625 0.081481
6 0.553906 0.604167 0.033854 0.093519
8 0.550260 0.575926 0.028646 0.103704
6 0.671094 0.568981 0.034896 0.063889
6 0.693490 0.569907 0.014063 0.069444
6 0.722135 0.571759 0.056771 0.069444
6 0.758333 0.572222 0.021875 0.022222
7 0.809115 0.633333 0.032813 0.181481
7 0.832552 0.683796 0.038021 0.217593
6 0.929688 0.622222 0.045833 0.131481
7 0.777083 0.673611 0.042708 0.228704
14 0.545052 0.531019 0.007812 0.017593
14 0.781510 0.648611 0.092188 0.113889
