8 0.545312 0.550926 0.003125 0.005556
8 0.550000 0.550926 0.006250 0.005556
8 0.564323 0.554630 0.006771 0.020370
8 0.572917 0.558796 0.006250 0.025000
8 0.569531 0.560648 0.010937 0.023148
8 0.579427 0.564352 0.013021 0.041667
8 0.580208 0.574074 0.010417 0.057407
8 0.583594 0.570833 0.009896 0.052778
6 0.570052 0.581019 0.008854 0.026852
6 0.580208 0.595833 0.008333 0.030556
4 0.607552 0.586574 0.047396 0.102778
7 0.643750 0.543981 0.014583 0.026852
7 0.654427 0.541204 0.010937 0.028704
7 0.668229 0.544907 0.015625 0.047222
10 0.691406 0.525463 0.031771 0.032407
10 0.728125 0.496296 0.013542 0.024074
7 0.751563 0.546759 0.023958 0.049074
4 0.622135 0.590741 0.047396 0.066667
4 0.660417 0.664815 0.138542 0.192593
7 0.872135 0.558796 0.040104 0.080556
6 0.776563 0.795833 0.136458 0.286111
8 0.771094 0.712963 0.117188 0.307407
8 0.793490 0.704167 0.082812 0.304630
4 0.527083 0.555093 0.018750 0.023148
4 0.505469 0.569907 0.045312 0.045370
4 0.497396 0.572222 0.050000 0.048148
4 0.490885 0.576389 0.036979 0.045370
4 0.476823 0.591667 0.046354 0.064815
4 0.469531 0.596759 0.036979 0.071296
4 0.462760 0.600926 0.029687 0.075926
4 0.421615 0.610648 0.081771 0.099074
4 0.320833 0.656944 0.166667 0.175000
7 0.270573 0.587963 0.022396 0.061111
7 0.212240 0.635185 0.026562 0.142593
7 0.506510 0.578704 0.008854 0.061111
8 0.534375 0.579167 0.018750 0.063889
6 0.534115 0.607870 0.018229 0.043519
8 0.569792 0.629630 0.025000 0.120370
8 0.558854 0.677315 0.070833 0.241667
6 0.564583 0.769907 0.059375 0.147222
8 0.362240 0.764352 0.132812 0.375000
6 0.353385 0.838889 0.145313 0.322222
6 0.023438 0.843056 0.044792 0.210185
8 0.013281 0.966667 0.024479 0.037037
4 0.546875 0.581019 0.021875 0.052778
