14 0.466406 0.528241 0.004687 0.015741
1 0.471094 0.535185 0.006771 0.029630
4 0.608854 0.533333 0.011458 0.022222
4 0.606250 0.546759 0.013542 0.043519
3 0.633073 0.526852 0.033854 0.038889
1 0.668490 0.541667 0.027604 0.033333
1 0.693750 0.551389 0.026042 0.047222
1 0.763542 0.537963 0.017708 0.018519
4 0.705469 0.557407 0.031771 0.042593
4 0.646094 0.560185 0.044271 0.059259
6 0.617708 0.571759 0.019792 0.056481
4 0.753646 0.596759 0.119792 0.117593
7 0.807813 0.556019 0.010417 0.063889
7 0.840885 0.547222 0.006771 0.040741
6 0.860156 0.572222 0.030729 0.037037
6 0.883854 0.575463 0.015625 0.025000
6 0.890885 0.589815 0.023438 0.075926
6 0.899479 0.600000 0.016667 0.066667
6 0.914323 0.596759 0.022396 0.086111
6 0.917708 0.591667 0.028125 0.101852
7 0.950260 0.546296 0.011979 0.037037
7 0.946094 0.553241 0.015104 0.032407
6 0.934115 0.602778 0.032813 0.083333
6 0.948438 0.602778 0.031250 0.092593
6 0.959375 0.606944 0.052083 0.091667
6 0.982031 0.620833 0.029687 0.075000
6 0.992188 0.629630 0.015625 0.062963
8 0.865625 0.592593 0.029167 0.109259
6 0.870573 0.621296 0.042188 0.103704
8 0.819792 0.602315 0.025000 0.156481
8 0.834896 0.614815 0.043750 0.151852
6 0.832552 0.651389 0.063021 0.134259
8 0.616406 0.556944 0.016146 0.063889
6 0.672135 0.675926 0.085938 0.188889
3 0.536979 0.509259 0.134375 0.268519
4 0.460417 0.532407 0.010417 0.020370
14 0.432292 0.510648 0.012500 0.025000
13 0.448437 0.520370 0.023958 0.048148
4 0.444792 0.530556 0.020833 0.029630
4 0.421094 0.533333 0.026562 0.046296
7 0.254948 0.544444 0.015104 0.075926
4 0.440625 0.534722 0.013542 0.028704
7 0.248958 0.555556 0.012500 0.070370
6 0.283594 0.582870 0.027604 0.076852
8 0.276823 0.557870 0.020313 0.069444
8 0.282292 0.574537 0.030208 0.093519
4 0.318490 0.566204 0.055729 0.087963
7 0.327083 0.567130 0.016667 0.100926
4 0.380729 0.597222 0.097917 0.148148
10 0.217969 0.425000 0.018229 0.038889
4 0.196875 0.617593 0.151042 0.162963
6 0.116406 0.565278 0.055729 0.062037
8 0.671094 0.629167 0.055729 0.184259
6 0.801302 0.574537 0.020313 0.028704
6 0.790885 0.558796 0.014063 0.013889
7 0.987760 0.560185 0.017188 0.055556
