13 0.536198 0.517130 0.034896 0.067593
8 0.542448 0.518981 0.010937 0.052778
8 0.529948 0.525000 0.010937 0.029630
8 0.530208 0.538889 0.012500 0.024074
8 0.559375 0.540278 0.008333 0.021296
1 0.501823 0.538426 0.023438 0.025000
8 0.510938 0.534722 0.005208 0.015741
8 0.502865 0.548148 0.020313 0.042593
6 0.514323 0.572685 0.018229 0.056481
6 0.503906 0.569907 0.009896 0.030556
8 0.514583 0.546759 0.017708 0.039815
8 0.520312 0.546296 0.012500 0.025926
8 0.573698 0.530093 0.008854 0.012037
8 0.571615 0.540278 0.010937 0.013889
8 0.582031 0.540278 0.008854 0.021296
7 0.590104 0.537963 0.006250 0.024074
7 0.601823 0.538426 0.009896 0.025000
7 0.608073 0.535648 0.006771 0.030556
6 0.643490 0.611574 0.023438 0.075000
8 0.637760 0.577778 0.024479 0.066667
7 0.613542 0.543519 0.010417 0.035185
7 0.621354 0.548148 0.004167 0.024074
7 0.626042 0.551852 0.007292 0.016667
7 0.650781 0.549074 0.008854 0.035185
7 0.667188 0.564352 0.015625 0.045370
7 0.680990 0.557870 0.017188 0.058333
13 0.802865 0.525926 0.066146 0.074074
4 0.905729 0.565278 0.155208 0.143519
7 0.824740 0.556019 0.023438 0.082407
7 0.823958 0.761574 0.114583 0.449074
14 0.680469 0.647685 0.046354 0.078704
14 0.746875 0.692130 0.106250 0.139815
7 0.972135 0.644444 0.043229 0.142593
7 0.930469 0.688889 0.057813 0.222222
6 0.944010 0.871759 0.108854 0.250926
8 0.957552 0.775000 0.084896 0.450000
7 0.453646 0.538889 0.007292 0.025926
7 0.443750 0.545370 0.012500 0.044444
6 0.469271 0.591204 0.021875 0.087963
8 0.473438 0.559259 0.020833 0.064815
6 0.453385 0.593056 0.025521 0.076852
7 0.438802 0.584259 0.024479 0.098148
6 0.488802 0.655093 0.054688 0.156481
8 0.484375 0.630093 0.040625 0.197222
7 0.391406 0.575926 0.013021 0.085185
7 0.344792 0.539352 0.010417 0.026852
7 0.306771 0.545833 0.013542 0.025000
7 0.319531 0.681019 0.102604 0.326852
7 0.291927 0.541204 0.008854 0.015741
4 0.583073 0.695370 0.191146 0.303704
7 0.289323 0.565741 0.007812 0.022222
7 0.298177 0.567130 0.011979 0.028704
7 0.255729 0.534259 0.007292 0.020370
7 0.240104 0.564815 0.013542 0.098148
7 0.260937 0.559259 0.013542 0.040741
7 0.211198 0.554630 0.018229 0.064815
7 0.189062 0.561574 0.017708 0.067593
7 0.175781 0.575463 0.014063 0.036111
7 0.143750 0.546296 0.047917 0.107407
14 0.059896 0.674537 0.118750 0.106481
7 0.042188 0.522685 0.018750 0.084259
7 0.158594 0.584259 0.018229 0.044444
7 0.208073 0.600463 0.018229 0.054630
7 0.129688 0.637037 0.055208 0.190741
7 0.177083 0.661574 0.060417 0.173148
6 0.146615 0.789815 0.189062 0.346296
7 0.070312 0.532870 0.009375 0.023148
7 0.460156 0.543056 0.005729 0.013889
7 0.705990 0.542593 0.009896 0.033333
7 0.703125 0.597222 0.012500 0.079630
7 0.694531 0.574537 0.007812 0.023148
