1 0.078646 0.733796 0.156250 0.426852
7 0.141146 0.502315 0.019792 0.065741
6 0.246875 0.626852 0.050000 0.144444
7 0.265365 0.553241 0.027604 0.117593
7 0.291927 0.545833 0.014063 0.082407
4 0.316406 0.552315 0.042188 0.058333
4 0.385677 0.550463 0.057813 0.091667
8 0.427083 0.562963 0.016667 0.075926
8 0.421875 0.561574 0.022917 0.078704
13 0.470573 0.518519 0.017188 0.046296
6 0.424740 0.581481 0.024479 0.072222
8 0.442969 0.532407 0.011979 0.037037
4 0.489063 0.550926 0.034375 0.059259
6 0.443490 0.539815 0.010937 0.037037
4 0.609115 0.558796 0.046354 0.056481
4 0.803646 0.589352 0.083333 0.097222
4 0.900260 0.639352 0.199479 0.173148
7 0.865625 0.545833 0.009375 0.013889
7 0.889583 0.550000 0.009375 0.011111
7 0.907292 0.550926 0.008333 0.012963
7 0.927344 0.554630 0.011979 0.018519
14 0.457552 0.512963 0.007812 0.027778
8 0.114062 0.517593 0.019792 0.018519
7 0.552344 0.526852 0.005729 0.024074
7 0.556250 0.527778 0.006250 0.022222
