1 0.423698 0.538426 0.025521 0.052778
7 0.422656 0.529167 0.011979 0.019444
7 0.416927 0.570370 0.019271 0.096296
7 0.424479 0.575463 0.023958 0.097222
7 0.409896 0.590278 0.012500 0.063889
7 0.396354 0.575000 0.019792 0.094444
7 0.331510 0.598611 0.028646 0.149074
7 0.310156 0.646759 0.050521 0.256481
7 0.265885 0.599537 0.028646 0.156481
7 0.223698 0.597222 0.022396 0.144444
7 0.061198 0.593981 0.048438 0.217593
7 0.353385 0.543519 0.016146 0.057407
7 0.437760 0.535648 0.013021 0.025000
7 0.442708 0.563426 0.017708 0.086111
8 0.466667 0.567593 0.020833 0.079630
8 0.460417 0.567130 0.031250 0.082407
6 0.515885 0.601852 0.063021 0.087037
7 0.516406 0.581944 0.019271 0.110185
6 0.476042 0.573148 0.015625 0.064815
8 0.469271 0.538889 0.016667 0.024074
7 0.496094 0.549537 0.010937 0.065741
7 0.573438 0.589815 0.023958 0.127778
7 0.508854 0.555093 0.014583 0.052778
7 0.536458 0.556481 0.023958 0.083333
7 0.564323 0.548611 0.016146 0.058333
7 0.630469 0.581019 0.022396 0.054630
7 0.595573 0.578704 0.030729 0.111111
7 0.685417 0.596759 0.026042 0.060185
7 0.746875 0.612963 0.027083 0.059259
7 0.855990 0.566667 0.034896 0.133333
6 0.459115 0.597685 0.019271 0.052778
7 0.384635 0.552778 0.015104 0.070370
13 0.035677 0.504167 0.070312 0.239815
