14 0.461458 0.525926 0.002083 0.009259
1 0.465104 0.524537 0.005208 0.012037
14 0.478125 0.526389 0.002083 0.006481
14 0.485156 0.522685 0.011979 0.015741
1 0.450521 0.526852 0.005208 0.014815
14 0.473177 0.524074 0.004687 0.011111
6 0.472135 0.537963 0.006771 0.014815
8 0.472135 0.529167 0.005729 0.012037
6 0.492188 0.545370 0.011458 0.029630
8 0.491927 0.529630 0.007812 0.016667
4 0.536979 0.530556 0.007292 0.027778
4 0.527865 0.525000 0.005729 0.016667
13 0.597917 0.509722 0.125000 0.108333
7 0.447396 0.535185 0.005208 0.022222
1 0.441406 0.535185 0.007812 0.022222
7 0.352083 0.598148 0.027083 0.148148
