4 0.447396 0.526852 0.011458 0.016667
7 0.450000 0.523148 0.005208 0.012963
7 0.459115 0.519444 0.004687 0.011111
7 0.439063 0.526389 0.004167 0.015741
7 0.435156 0.530093 0.003646 0.023148
7 0.432552 0.531019 0.003646 0.026852
7 0.426563 0.524537 0.004167 0.019444
7 0.428646 0.530093 0.004167 0.023148
7 0.423958 0.524537 0.004167 0.019444
7 0.420052 0.523611 0.003646 0.015741
7 0.415885 0.521296 0.003646 0.012963
7 0.412760 0.523148 0.004687 0.018519
7 0.421875 0.568981 0.019792 0.093519
7 0.402604 0.543056 0.017708 0.041667
7 0.386458 0.532407 0.013542 0.038889
6 0.394531 0.589815 0.032813 0.066667
8 0.380990 0.573611 0.021354 0.097222
7 0.347135 0.564815 0.010937 0.090741
7 0.343490 0.529630 0.004687 0.016667
7 0.370573 0.591667 0.025521 0.124074
7 0.358333 0.614352 0.013542 0.086111
8 0.352865 0.541204 0.007812 0.025000
7 0.340365 0.563426 0.005729 0.060185
7 0.331250 0.598148 0.020833 0.101852
7 0.291927 0.557870 0.010937 0.028704
8 0.219271 0.545370 0.030208 0.081481
6 0.215625 0.561574 0.050000 0.078704
7 0.171354 0.564815 0.016667 0.035185
6 0.063021 0.580093 0.026042 0.034259
7 0.011979 0.657407 0.023958 0.112963
7 0.110937 0.688889 0.069792 0.153704
7 0.174219 0.606481 0.035937 0.083333
7 0.248177 0.568519 0.027604 0.125926
6 0.230208 0.700463 0.082292 0.199074
8 0.451562 0.534259 0.010417 0.024074
6 0.451042 0.548148 0.011458 0.029630
7 0.466406 0.526389 0.005729 0.015741
7 0.478906 0.534722 0.010937 0.023148
7 0.487500 0.537500 0.007292 0.036111
1 0.489844 0.525000 0.011979 0.014815
1 0.479167 0.524074 0.008333 0.012963
6 0.488802 0.558333 0.006771 0.012963
7 0.463542 0.529167 0.013542 0.021296
7 0.460417 0.568981 0.014583 0.089815
6 0.472135 0.594444 0.023438 0.072222
7 0.496354 0.552315 0.010417 0.065741
7 0.508854 0.532407 0.008333 0.025926
7 0.506771 0.560185 0.010417 0.051852
1 0.523958 0.544444 0.029167 0.050000
6 0.520312 0.566204 0.027083 0.054630
7 0.570833 0.565278 0.011458 0.069444
7 0.579427 0.560648 0.016146 0.063889
7 0.546354 0.637500 0.050000 0.234259
7 0.615365 0.610648 0.035937 0.147222
7 0.729167 0.542593 0.018750 0.066667
7 0.755729 0.541204 0.010417 0.045370
7 0.769792 0.538426 0.009375 0.025000
7 0.777865 0.540278 0.018229 0.041667
7 0.797396 0.542593 0.009375 0.040741
7 0.788021 0.573148 0.020833 0.105556
7 0.799740 0.622222 0.035937 0.157407
7 0.827344 0.562500 0.018229 0.078704
7 0.840625 0.545370 0.019792 0.057407
7 0.855990 0.546759 0.015104 0.050926
7 0.872135 0.552315 0.016146 0.045370
7 0.986458 0.547222 0.015625 0.037037
7 0.994271 0.559259 0.011458 0.033333
7 0.955990 0.556481 0.026562 0.064815
6 0.947917 0.798611 0.104167 0.308333
7 0.905990 0.549537 0.018229 0.043519
8 0.472917 0.567593 0.022917 0.087037
