14 0.553125 0.551852 0.008333 0.014815
4 0.557292 0.562500 0.016667 0.030556
14 0.567187 0.563889 0.006250 0.022222
8 0.574740 0.547685 0.008854 0.025000
6 0.574479 0.568056 0.008333 0.032407
8 0.583073 0.556481 0.015104 0.050000
6 0.583333 0.574537 0.013542 0.043519
7 0.598177 0.561111 0.008854 0.044444
2 0.618229 0.581481 0.017708 0.050000
8 0.617708 0.565741 0.015625 0.064815
7 0.665885 0.565278 0.011979 0.052778
1 0.539323 0.562037 0.024479 0.061111
14 0.516406 0.550000 0.021354 0.055556
14 0.495833 0.561574 0.029167 0.065741
8 0.529167 0.556944 0.013542 0.047222
6 0.532031 0.580093 0.007812 0.060185
8 0.518229 0.572222 0.025000 0.085185
6 0.518490 0.607407 0.021354 0.053704
7 0.165365 0.741667 0.126562 0.514815
