7 0.537500 0.507870 0.006250 0.019444
7 0.525781 0.510185 0.007812 0.022222
7 0.535677 0.529167 0.008854 0.047222
7 0.525521 0.510648 0.007292 0.023148
7 0.527865 0.520370 0.008854 0.014815
7 0.519271 0.512037 0.008333 0.018519
8 0.523438 0.537037 0.019792 0.059259
6 0.523698 0.557407 0.019271 0.042593
7 0.508594 0.506944 0.005729 0.025000
7 0.504427 0.509722 0.007812 0.017593
6 0.506510 0.548148 0.017188 0.044444
8 0.507812 0.539352 0.015625 0.054630
6 0.497135 0.543056 0.004687 0.049074
7 0.489844 0.527315 0.011979 0.036111
6 0.493490 0.559259 0.011979 0.035185
7 0.482292 0.542593 0.015625 0.057407
7 0.466927 0.525926 0.014063 0.024074
7 0.467187 0.556944 0.015625 0.073148
7 0.454948 0.555556 0.016146 0.081481
7 0.480208 0.687037 0.065625 0.305556
7 0.417187 0.530556 0.007292 0.037037
7 0.441927 0.546759 0.013021 0.036111
7 0.438281 0.559259 0.038021 0.075926
2 0.439844 0.593981 0.020313 0.043519
7 0.387500 0.520370 0.008333 0.044444
7 0.439844 0.577778 0.023438 0.112963
7 0.412240 0.644444 0.060937 0.277778
7 0.383073 0.582407 0.023438 0.101852
7 0.372917 0.578241 0.014583 0.026852
7 0.354427 0.604630 0.027604 0.137037
7 0.330729 0.586111 0.025000 0.127778
7 0.270313 0.578241 0.014583 0.049074
8 0.273177 0.582407 0.047396 0.101852
7 0.314844 0.773148 0.110937 0.453704
7 0.243750 0.751852 0.073958 0.444444
7 0.162240 0.641667 0.092188 0.177778
7 0.089844 0.529630 0.014063 0.037037
7 0.079948 0.576389 0.020313 0.097222
7 0.044271 0.565741 0.017708 0.088889
7 0.023438 0.579167 0.032292 0.123148
7 0.020313 0.613426 0.034375 0.080556
7 0.008333 0.596296 0.015625 0.122222
7 0.088542 0.674074 0.023958 0.053704
6 0.540625 0.543519 0.010417 0.033333
8 0.541146 0.522222 0.009375 0.031481
13 0.564063 0.513426 0.043750 0.095370
7 0.594010 0.515741 0.007812 0.022222
7 0.600000 0.514352 0.008333 0.023148
7 0.606771 0.514352 0.006250 0.025000
7 0.611979 0.514815 0.011458 0.029630
7 0.633854 0.541667 0.022917 0.055556
8 0.571875 0.518519 0.011458 0.020370
8 0.587760 0.518519 0.009896 0.014815
4 0.598958 0.611574 0.126042 0.167593
1 0.685156 0.555556 0.063021 0.103704
7 0.730208 0.550463 0.018750 0.082407
7 0.722656 0.569444 0.031771 0.085185
8 0.678385 0.600000 0.046354 0.140741
8 0.711719 0.658333 0.089063 0.277778
8 0.707031 0.638426 0.032813 0.100926
6 0.713021 0.742130 0.095833 0.286111
7 0.778125 0.654630 0.062500 0.277778
7 0.889062 0.575926 0.044792 0.181481
7 0.948177 0.577315 0.042188 0.193519
6 0.967708 0.614815 0.064583 0.092593
6 0.904687 0.755093 0.078125 0.186111
8 0.951823 0.787037 0.081771 0.425926
8 0.985938 0.798148 0.028125 0.400000
6 0.954948 0.933796 0.090104 0.132407
14 0.084635 0.847222 0.168229 0.274074
14 0.772656 0.600000 0.086979 0.094444
7 0.180469 0.536111 0.013021 0.038889
7 0.126823 0.560185 0.013021 0.053704
10 0.849219 0.627315 0.023438 0.089815
7 0.615885 0.505556 0.007812 0.014815
