13 0.460938 0.509259 0.058333 0.092593
4 0.423958 0.543056 0.018750 0.034259
4 0.441927 0.546759 0.028646 0.043519
4 0.470052 0.544444 0.028646 0.040741
4 0.501302 0.527315 0.022396 0.023148
6 0.501563 0.552315 0.012500 0.026852
8 0.501042 0.541667 0.011458 0.037037
14 0.537760 0.526852 0.026562 0.024074
7 0.530208 0.531944 0.009375 0.034259
13 0.583594 0.517130 0.017188 0.056481
13 0.568750 0.518056 0.036458 0.060185
7 0.563542 0.534722 0.006250 0.030556
3 0.624740 0.521759 0.064062 0.063889
7 0.661979 0.527778 0.007292 0.037037
7 0.718750 0.531944 0.008333 0.045370
7 0.748177 0.531019 0.014063 0.054630
3 0.912500 0.487500 0.173958 0.284259
4 0.912760 0.608796 0.174479 0.180556
14 0.414062 0.541667 0.005208 0.005556
6 0.418229 0.552778 0.014583 0.024074
6 0.402083 0.556019 0.036458 0.034259
6 0.406250 0.558333 0.025000 0.031481
6 0.405990 0.562037 0.013021 0.031481
6 0.394010 0.558796 0.036979 0.043519
6 0.382812 0.561111 0.032292 0.055556
6 0.375000 0.561574 0.031250 0.060185
6 0.367708 0.563889 0.030208 0.061111
6 0.359375 0.567130 0.046875 0.060185
6 0.346615 0.565741 0.047396 0.070370
8 0.395313 0.521759 0.006250 0.013889
6 0.393229 0.527778 0.007292 0.011111
7 0.358073 0.517130 0.010937 0.025000
7 0.346875 0.513889 0.010417 0.033333
7 0.338802 0.522222 0.009896 0.046296
7 0.294531 0.569907 0.009896 0.060185
13 0.211458 0.556944 0.158333 0.278704
6 0.110937 0.546759 0.026042 0.080556
6 0.093750 0.553704 0.022917 0.066667
6 0.064844 0.661111 0.063021 0.201852
6 0.024219 0.712963 0.047396 0.159259
10 0.384896 0.492130 0.005208 0.021296
6 0.358333 0.532407 0.010417 0.025926
