14 0.546094 0.513889 0.007812 0.012963
4 0.538802 0.516667 0.008854 0.018519
6 0.560677 0.535185 0.013021 0.029630
8 0.561719 0.519907 0.007812 0.025000
7 0.624740 0.522685 0.006771 0.036111
7 0.633333 0.525463 0.006250 0.034259
13 0.589323 0.507407 0.030729 0.051852
13 0.589583 0.516667 0.023958 0.038889
7 0.606250 0.516204 0.004167 0.023148
8 0.616667 0.527315 0.005208 0.030556
8 0.619271 0.537963 0.007292 0.048148
6 0.618490 0.544444 0.015104 0.035185
8 0.668229 0.540741 0.006250 0.050000
8 0.672917 0.543056 0.012500 0.052778
6 0.673698 0.554167 0.014063 0.047222
13 0.489583 0.495833 0.007292 0.032407
8 0.476562 0.511574 0.007292 0.013889
6 0.473177 0.521759 0.005729 0.019444
4 0.486458 0.522685 0.020833 0.034259
13 0.453906 0.509259 0.039062 0.059259
10 0.379948 0.454167 0.007812 0.019444
14 0.385677 0.497222 0.025521 0.051852
8 0.381510 0.519907 0.008854 0.041667
6 0.385156 0.535185 0.025521 0.033333
10 0.304167 0.425000 0.021875 0.037037
7 0.317969 0.531944 0.014063 0.078704
7 0.328125 0.532870 0.017708 0.093519
4 0.239323 0.497685 0.016146 0.021296
4 0.274740 0.506019 0.036979 0.030556
7 0.246875 0.542593 0.020833 0.114815
7 0.270833 0.542130 0.025000 0.130556
13 0.507552 0.494444 0.027604 0.072222
