14 0.546094 0.534259 0.024479 0.057407
1 0.592708 0.543056 0.020833 0.045370
7 0.616146 0.533333 0.011458 0.025926
1 0.643229 0.556481 0.026042 0.061111
7 0.622917 0.558333 0.010417 0.061111
8 0.603125 0.539815 0.009375 0.027778
6 0.603385 0.563889 0.017188 0.046296
7 0.666146 0.573611 0.009375 0.054630
7 0.644531 0.571296 0.015104 0.070370
7 0.700260 0.562963 0.013021 0.051852
7 0.705208 0.589352 0.016667 0.089815
7 0.798438 0.642130 0.037500 0.076852
6 0.897135 0.632407 0.022396 0.081481
1 0.568490 0.555093 0.031771 0.060185
7 0.532813 0.537963 0.006250 0.033333
7 0.517969 0.541204 0.004687 0.043519
7 0.509635 0.539815 0.005729 0.025926
14 0.522396 0.571296 0.018750 0.048148
8 0.521875 0.556019 0.012500 0.078704
6 0.537500 0.582870 0.018750 0.067593
8 0.537760 0.555556 0.024479 0.072222
6 0.500781 0.625926 0.032813 0.107407
8 0.501563 0.582870 0.037500 0.125000
7 0.452083 0.582407 0.015625 0.027778
7 0.425000 0.573611 0.011458 0.036111
7 0.398698 0.577315 0.011979 0.028704
7 0.371875 0.582407 0.016667 0.037037
7 0.325000 0.551852 0.014583 0.111111
4 0.251302 0.522222 0.051562 0.074074
7 0.092188 0.555556 0.056250 0.194444
7 0.124740 0.630093 0.052604 0.130556
6 0.289062 0.548611 0.034375 0.060185
7 0.436719 0.542130 0.010937 0.028704
6 0.464844 0.539352 0.018229 0.026852
7 0.472396 0.562963 0.015625 0.031481
7 0.459896 0.571296 0.009375 0.031481
