3 0.484635 0.532407 0.010937 0.022222
13 0.468750 0.525000 0.007292 0.007407
4 0.472917 0.529630 0.008333 0.007407
4 0.469010 0.539815 0.010937 0.018519
8 0.487240 0.535648 0.004687 0.019444
6 0.488021 0.538426 0.004167 0.012037
3 0.517188 0.529630 0.015625 0.033333
4 0.480208 0.539815 0.012500 0.020370
14 0.687500 0.531019 0.013542 0.049074
6 0.805469 0.569907 0.015104 0.028704
7 0.787240 0.552778 0.010937 0.050000
8 0.805729 0.543056 0.009375 0.034259
7 0.914323 0.557407 0.009896 0.044444
7 0.893490 0.566667 0.015104 0.053704
7 0.928646 0.559722 0.015625 0.089815
4 0.754427 0.580093 0.066146 0.099074
4 0.622396 0.617593 0.163542 0.244444
13 0.439844 0.530093 0.013021 0.019444
4 0.431510 0.543519 0.015104 0.022222
7 0.442969 0.543519 0.005729 0.029630
1 0.455990 0.543519 0.015104 0.031481
4 0.420833 0.550463 0.013542 0.041667
13 0.398958 0.540741 0.032292 0.077778
4 0.390365 0.556944 0.023438 0.060185
13 0.362500 0.544907 0.041667 0.113889
10 0.317969 0.454630 0.016146 0.018519
13 0.307031 0.551852 0.092188 0.181481
13 0.195052 0.576852 0.156771 0.361111
13 0.083594 0.648611 0.166146 0.647222
