3 0.275000 0.510648 0.219792 0.132407
7 0.378125 0.511574 0.007292 0.043519
7 0.385417 0.514815 0.009375 0.050000
7 0.395313 0.518981 0.009375 0.045370
6 0.381250 0.548611 0.011458 0.047222
6 0.394010 0.548611 0.018229 0.045370
6 0.411458 0.550463 0.015625 0.047222
7 0.407031 0.547222 0.015104 0.059259
6 0.433333 0.552778 0.019792 0.042593
7 0.467708 0.531019 0.016667 0.063889
6 0.532292 0.569907 0.033333 0.054630
8 0.533854 0.555556 0.016667 0.057407
7 0.600781 0.524537 0.009896 0.036111
7 0.732812 0.556481 0.010417 0.037037
13 0.951042 0.536574 0.097917 0.176852
6 0.985156 0.623611 0.029687 0.106481
1 0.297135 0.563426 0.061979 0.104630
4 0.181510 0.546759 0.078646 0.089815
4 0.116927 0.521296 0.024479 0.029630
7 0.169531 0.539815 0.008854 0.048148
7 0.161198 0.547222 0.011979 0.072222
7 0.146615 0.556019 0.010937 0.063889
6 0.121615 0.596759 0.103646 0.121296
8 0.122396 0.587500 0.039583 0.149074
7 0.042188 0.579167 0.025000 0.145370
6 0.017708 0.620370 0.034375 0.122222
14 0.198958 0.580093 0.048958 0.076852
6 0.236458 0.641667 0.079167 0.174074
8 0.244271 0.602315 0.045833 0.162037
6 0.314063 0.603241 0.031250 0.091667
8 0.315885 0.566204 0.029687 0.095370
0 0.479427 0.012963 0.009896 0.022222
7 0.751302 0.563889 0.011979 0.062963
14 0.809115 0.557870 0.020313 0.026852
