1 0.388802 0.506944 0.006771 0.006481
4 0.382031 0.511574 0.002604 0.010185
8 0.386979 0.510185 0.004167 0.007407
13 0.400521 0.506481 0.017708 0.024074
8 0.410677 0.511111 0.003646 0.009259
6 0.387500 0.519444 0.006250 0.016667
8 0.388281 0.512500 0.004687 0.010185
7 0.356250 0.510648 0.007292 0.026852
14 0.427083 0.490278 0.030208 0.056481
8 0.412760 0.511574 0.004687 0.010185
6 0.418750 0.513426 0.009375 0.006481
8 0.419010 0.511574 0.007812 0.017593
8 0.444010 0.511574 0.007812 0.019444
3 0.485156 0.493981 0.023438 0.034259
10 0.511198 0.475000 0.009896 0.022222
13 0.544531 0.493519 0.097396 0.090741
8 0.451562 0.522222 0.011458 0.020370
4 0.398958 0.518519 0.016667 0.027778
1 0.596615 0.524537 0.019271 0.026852
7 0.620052 0.529630 0.009896 0.042593
7 0.635677 0.519444 0.008854 0.022222
8 0.617708 0.540278 0.012500 0.021296
8 0.608333 0.538426 0.007292 0.023148
8 0.602865 0.536574 0.013021 0.026852
4 0.462240 0.550926 0.028646 0.062963
14 0.428646 0.542130 0.056250 0.052778
4 0.594010 0.541204 0.018229 0.017593
8 0.632031 0.539352 0.020313 0.026852
8 0.664323 0.544907 0.022396 0.026852
7 0.726042 0.551389 0.014583 0.037963
7 0.745573 0.554630 0.009896 0.040741
7 0.044010 0.554630 0.029687 0.068519
7 0.090885 0.537037 0.021354 0.042593
4 0.155729 0.525000 0.036458 0.062963
4 0.137240 0.527778 0.020313 0.057407
4 0.182031 0.512037 0.019271 0.020370
7 0.177344 0.507407 0.006771 0.011111
7 0.286458 0.504167 0.005208 0.012037
4 0.276562 0.524537 0.021875 0.039815
7 0.292187 0.526852 0.011458 0.051852
7 0.262760 0.529630 0.013021 0.064815
7 0.230990 0.534722 0.016146 0.078704
7 0.199219 0.537037 0.018229 0.081481
6 0.108594 0.572222 0.083854 0.092593
8 0.108073 0.555556 0.020313 0.129630
4 0.519792 0.611574 0.137500 0.223148
6 0.414062 0.559259 0.009375 0.035185
8 0.419792 0.545370 0.018750 0.059259
8 0.396354 0.548611 0.027083 0.058333
10 0.331510 0.454630 0.011979 0.018519
6 0.432812 0.625000 0.066667 0.101852
8 0.443229 0.642130 0.067708 0.228704
8 0.381771 0.566667 0.038542 0.070370
8 0.384115 0.584259 0.034896 0.129630
6 0.429167 0.715278 0.083333 0.228704
8 0.431510 0.681481 0.076563 0.316667
6 0.304948 0.650000 0.063021 0.159259
8 0.302344 0.573611 0.047396 0.089815
8 0.294531 0.607407 0.061979 0.146296
6 0.361198 0.864815 0.125521 0.270370
8 0.386198 0.769907 0.135937 0.439815
8 0.358854 0.778704 0.143750 0.383333
6 0.240625 0.697222 0.062500 0.220370
8 0.222396 0.653704 0.086458 0.253704
6 0.168490 0.834259 0.189062 0.329630
8 0.179167 0.771296 0.155208 0.444444
6 0.758073 0.612037 0.034896 0.088889
8 0.758333 0.597222 0.030208 0.120370
6 0.790625 0.638426 0.053125 0.136111
8 0.790625 0.606019 0.039583 0.139815
6 0.986458 0.586111 0.025000 0.070370
6 0.933073 0.882870 0.132812 0.232407
8 0.973437 0.918519 0.053125 0.159259
4 0.647396 0.740741 0.297917 0.381481
10 0.186979 0.431944 0.018750 0.036111
10 0.796354 0.465278 0.012500 0.032407
6 0.315885 0.521759 0.014063 0.017593
