14 0.454167 0.533796 0.007292 0.015741
14 0.471354 0.534722 0.004167 0.010185
4 0.464844 0.537500 0.011979 0.023148
6 0.466927 0.549537 0.007812 0.017593
8 0.466406 0.540278 0.006771 0.021296
6 0.475000 0.546759 0.005208 0.017593
8 0.474740 0.540741 0.005729 0.018519
6 0.451562 0.542593 0.004167 0.012963
8 0.451562 0.536574 0.005208 0.012037
1 0.444531 0.533333 0.007812 0.011111
4 0.430729 0.543981 0.017708 0.030556
1 0.442188 0.540741 0.007292 0.022222
8 0.444792 0.559259 0.016667 0.048148
6 0.444792 0.573148 0.013542 0.038889
4 0.403906 0.547685 0.028646 0.039815
8 0.441927 0.550463 0.006771 0.028704
6 0.416406 0.612500 0.036979 0.106481
8 0.417448 0.583333 0.031771 0.090741
8 0.414844 0.588889 0.041146 0.111111
13 0.365625 0.541667 0.038542 0.098148
3 0.253906 0.575463 0.188021 0.308333
7 0.104948 0.573148 0.028646 0.144444
7 0.007552 0.544907 0.014063 0.097222
4 0.059896 0.813889 0.118750 0.372222
4 0.504948 0.540741 0.005729 0.018519
4 0.516406 0.547222 0.007812 0.031481
4 0.544792 0.555556 0.022917 0.038889
4 0.583854 0.558796 0.030208 0.034259
6 0.674219 0.568981 0.014063 0.036111
6 0.716927 0.574537 0.017188 0.034259
6 0.747917 0.581481 0.026042 0.037037
6 0.733594 0.582407 0.029687 0.024074
10 0.604688 0.445833 0.017708 0.052778
8 0.829948 0.576389 0.015104 0.054630
6 0.822396 0.618519 0.029167 0.053704
13 0.947917 0.589352 0.104167 0.230556
7 0.859635 0.563889 0.013021 0.055556
7 0.872656 0.561111 0.013021 0.051852
7 0.138281 0.544907 0.010937 0.093519
10 0.374740 0.488426 0.008854 0.015741
10 0.385937 0.495833 0.008333 0.015741
