4 0.578646 0.539815 0.012500 0.016667
8 0.577083 0.540278 0.006250 0.010185
6 0.577344 0.548611 0.007812 0.008333
1 0.640885 0.539815 0.010937 0.022222
4 0.657292 0.545370 0.017708 0.024074
8 0.635938 0.538889 0.004167 0.009259
6 0.636458 0.548148 0.003125 0.011111
8 0.628646 0.540741 0.006250 0.020370
6 0.627865 0.555093 0.008854 0.025000
4 0.704167 0.586111 0.080208 0.101852
4 0.829167 0.622222 0.183333 0.200000
6 0.965365 0.593981 0.036979 0.065741
6 0.598177 0.544907 0.007812 0.010185
8 0.599219 0.544907 0.003646 0.021296
13 0.482812 0.537963 0.032292 0.042593
13 0.471875 0.536574 0.023958 0.050926
13 0.455729 0.531944 0.031250 0.062037
13 0.449219 0.534722 0.022396 0.054630
13 0.426302 0.532407 0.060937 0.072222
14 0.378646 0.497222 0.063542 0.187037
4 0.330990 0.586111 0.113021 0.133333
14 0.230729 0.605093 0.109375 0.167593
7 0.017448 0.584722 0.033854 0.219444
10 0.786719 0.455093 0.019271 0.056481
10 0.906510 0.504630 0.030729 0.037037
4 0.113281 0.515278 0.023438 0.032407
