8 0.407813 0.530093 0.009375 0.036111
6 0.409375 0.537500 0.011458 0.028704
7 0.435156 0.530093 0.006771 0.026852
8 0.426042 0.529167 0.008333 0.026852
6 0.426042 0.539815 0.008333 0.018519
7 0.448437 0.525926 0.005208 0.022222
7 0.455990 0.533333 0.006771 0.040741
7 0.470052 0.548148 0.006771 0.051852
7 0.464062 0.545370 0.010417 0.062963
7 0.480729 0.524074 0.005208 0.020370
6 0.485156 0.555093 0.014063 0.037963
7 0.477344 0.548148 0.007812 0.062963
6 0.477604 0.543981 0.016667 0.032407
7 0.494271 0.546296 0.009375 0.057407
8 0.501823 0.536574 0.005729 0.019444
7 0.518229 0.529630 0.008333 0.029630
7 0.507812 0.567593 0.015625 0.092593
7 0.523958 0.567593 0.013542 0.081481
7 0.549479 0.536574 0.006250 0.026852
7 0.572917 0.574537 0.012500 0.099074
7 0.588021 0.580093 0.011458 0.104630
7 0.605208 0.541204 0.011458 0.037963
7 0.626042 0.539352 0.011458 0.030556
7 0.673698 0.579167 0.019271 0.110185
7 0.772656 0.585648 0.032813 0.130556
7 0.844271 0.545833 0.013542 0.075000
7 0.918490 0.576389 0.035937 0.125000
7 0.897396 0.621759 0.045833 0.189815
2 0.955729 0.717130 0.088542 0.165741
8 0.866667 0.685648 0.062500 0.326852
2 0.873698 0.767130 0.184896 0.236111
7 0.740885 0.560648 0.011979 0.050926
7 0.723958 0.633796 0.040625 0.212037
7 0.732812 0.655093 0.053125 0.219444
7 0.392969 0.539352 0.009896 0.037963
7 0.326562 0.537500 0.009375 0.034259
1 0.358854 0.578704 0.056250 0.111111
8 0.343229 0.576389 0.021875 0.099074
6 0.343229 0.616667 0.023958 0.068519
6 0.392708 0.610648 0.042708 0.106481
8 0.393490 0.582870 0.033854 0.108333
7 0.332552 0.594444 0.024479 0.122222
4 0.289583 0.532870 0.035417 0.050926
7 0.303125 0.593056 0.028125 0.126852
7 0.281510 0.591667 0.018229 0.125926
1 0.245573 0.551852 0.068229 0.068519
7 0.261458 0.591667 0.031250 0.155556
7 0.244792 0.589815 0.021875 0.146296
6 0.203125 0.586111 0.023958 0.061111
7 0.211198 0.616204 0.020313 0.056481
7 0.186719 0.624074 0.048438 0.074074
7 0.132031 0.772222 0.092188 0.455556
14 0.538021 0.589352 0.017708 0.054630
6 0.556771 0.606019 0.038542 0.104630
8 0.557031 0.587500 0.023438 0.110185
7 0.443490 0.531481 0.005729 0.029630
14 0.864323 0.697685 0.159896 0.141667
14 0.417708 0.532870 0.009375 0.023148
6 0.561458 0.538889 0.009375 0.024074
7 0.809375 0.623611 0.012500 0.012037
