10 0.420573 0.467130 0.007812 0.013889
4 0.481510 0.508796 0.006771 0.015741
13 0.465365 0.500000 0.028646 0.033333
13 0.543229 0.487500 0.036458 0.041667
13 0.633594 0.532870 0.057813 0.097222
8 0.629167 0.536111 0.009375 0.035185
8 0.635417 0.536574 0.021875 0.032407
6 0.637500 0.573611 0.020833 0.058333
13 0.766406 0.498611 0.185938 0.186111
8 0.867708 0.581481 0.015625 0.066667
8 0.878906 0.585185 0.015104 0.098148
6 0.891406 0.631944 0.036979 0.076852
1 0.673438 0.537500 0.008333 0.041667
13 0.503385 0.481944 0.042188 0.086111
8 0.465365 0.512963 0.006771 0.009259
8 0.470052 0.512500 0.006771 0.010185
8 0.506771 0.519907 0.010417 0.023148
4 0.522917 0.522685 0.017708 0.019444
4 0.558073 0.561111 0.066146 0.114815
8 0.546875 0.565741 0.032292 0.098148
8 0.545833 0.582407 0.035417 0.125926
6 0.550781 0.607407 0.035937 0.133333
6 0.591146 0.605093 0.067708 0.045370
8 0.591667 0.561574 0.054167 0.089815
4 0.785937 0.740278 0.322917 0.389815
8 0.451562 0.517130 0.009375 0.023148
14 0.473438 0.576389 0.053125 0.125000
6 0.465365 0.600463 0.031771 0.093519
8 0.494531 0.587500 0.038021 0.130556
8 0.511979 0.630093 0.073958 0.225000
6 0.511198 0.709259 0.067187 0.170370
8 0.452083 0.568056 0.027083 0.112037
8 0.622656 0.570370 0.031771 0.090741
6 0.629687 0.587500 0.028125 0.054630
6 0.593229 0.815278 0.102083 0.297222
8 0.590365 0.681944 0.088021 0.321296
6 0.433854 0.746759 0.086458 0.258333
8 0.452865 0.664352 0.060937 0.237963
8 0.433073 0.679630 0.096354 0.257407
7 0.418490 0.519444 0.006771 0.038889
8 0.331771 0.528241 0.007292 0.065741
6 0.330729 0.538426 0.036458 0.043519
7 0.269010 0.500926 0.005729 0.014815
4 0.259896 0.540741 0.043750 0.074074
7 0.301823 0.529630 0.009896 0.077778
7 0.290625 0.532407 0.014583 0.096296
4 0.207292 0.501389 0.040625 0.021296
4 0.223698 0.545833 0.073438 0.100926
4 0.063542 0.548148 0.031250 0.079630
4 0.136979 0.543056 0.134375 0.156481
3 0.110677 0.456019 0.089063 0.032407
6 0.382812 0.523611 0.012500 0.025000
8 0.382812 0.514815 0.009375 0.033333
7 0.399479 0.512963 0.006250 0.033333
14 0.601302 0.515741 0.018229 0.011111
