10 0.521615 0.497222 0.007812 0.014815
13 0.527865 0.523148 0.021354 0.042593
1 0.542448 0.533796 0.020313 0.045370
13 0.592708 0.553241 0.078125 0.202778
13 0.480469 0.530093 0.041146 0.087963
7 0.497917 0.567130 0.018750 0.093519
4 0.447656 0.577315 0.063021 0.102778
1 0.378646 0.581944 0.086458 0.169444
1 0.320052 0.629630 0.124479 0.225926
6 0.546875 0.546296 0.013542 0.038889
8 0.547656 0.535648 0.014063 0.043519
6 0.534115 0.550000 0.017188 0.050000
8 0.533594 0.539815 0.011979 0.046296
8 0.636198 0.548148 0.011979 0.046296
7 0.662500 0.559722 0.011458 0.065741
6 0.718229 0.549537 0.016667 0.049074
6 0.634896 0.577315 0.008333 0.062037
2 0.650521 0.589352 0.027083 0.073148
8 0.649479 0.558333 0.018750 0.092593
6 0.675521 0.579630 0.025000 0.079630
8 0.676562 0.566204 0.021875 0.087963
7 0.696875 0.573148 0.018750 0.090741
7 0.851302 0.612037 0.025521 0.135185
7 0.785156 0.599537 0.017188 0.052778
7 0.933333 0.662963 0.040625 0.075926
7 0.955990 0.677778 0.042188 0.079630
6 0.815885 0.616667 0.060937 0.094444
7 0.751563 0.662500 0.054167 0.213889
8 0.695052 0.563426 0.028646 0.073148
6 0.695573 0.578704 0.025521 0.062963
7 0.809896 0.564815 0.034375 0.061111
