14 0.469792 0.516667 0.017708 0.037037
8 0.476823 0.521759 0.013021 0.039815
4 0.485938 0.541204 0.017708 0.054630
13 0.520312 0.531019 0.060417 0.143519
7 0.559375 0.542593 0.016667 0.083333
7 0.566406 0.521296 0.011979 0.025926
8 0.575521 0.561574 0.029167 0.104630
6 0.576042 0.586574 0.028125 0.099074
7 0.617188 0.543981 0.011458 0.032407
7 0.622656 0.550926 0.014063 0.046296
7 0.676823 0.661111 0.076563 0.300000
7 0.596875 0.524074 0.014583 0.055556
7 0.809635 0.636111 0.038021 0.235185
7 0.905208 0.595833 0.061458 0.136111
6 0.873958 0.706481 0.144792 0.229630
8 0.453906 0.519444 0.017188 0.035185
7 0.440365 0.508796 0.009896 0.017593
7 0.440885 0.537500 0.016146 0.067593
6 0.453906 0.551389 0.010937 0.034259
8 0.466927 0.580556 0.043229 0.133333
7 0.424219 0.574537 0.022396 0.137963
8 0.402604 0.550926 0.037500 0.079630
6 0.402083 0.626389 0.030208 0.100926
8 0.393750 0.593056 0.047917 0.160185
6 0.385677 0.607407 0.077604 0.101852
6 0.357812 0.599074 0.064583 0.100000
7 0.314063 0.537963 0.017708 0.075926
7 0.277344 0.529630 0.022396 0.075926
7 0.276562 0.555093 0.014583 0.039815
7 0.265625 0.553704 0.023958 0.109259
7 0.274740 0.608333 0.046354 0.090741
6 0.301823 0.538889 0.018229 0.050000
7 0.699740 0.565741 0.023438 0.048148
13 0.556250 0.514815 0.032292 0.040741
6 0.467969 0.597222 0.034896 0.114815
7 0.840104 0.568981 0.040625 0.060185
