4 0.558073 0.505556 0.013021 0.012963
13 0.574219 0.498148 0.016146 0.029630
14 0.593229 0.499074 0.020833 0.027778
4 0.599740 0.505093 0.006771 0.015741
7 0.593490 0.503704 0.004687 0.014815
14 0.611198 0.492593 0.015104 0.042593
8 0.594010 0.516204 0.007812 0.025000
6 0.594271 0.523611 0.009375 0.019444
3 0.628646 0.500463 0.037500 0.063889
8 0.607812 0.514352 0.012500 0.026852
8 0.607812 0.521296 0.013542 0.035185
6 0.607812 0.532407 0.012500 0.031481
13 0.674219 0.498611 0.061979 0.106481
7 0.729688 0.518981 0.009375 0.050926
7 0.739844 0.519444 0.009896 0.048148
14 0.707292 0.479167 0.008333 0.017593
13 0.794271 0.458333 0.098958 0.037037
14 0.873437 0.449074 0.045833 0.040741
13 0.964323 0.436111 0.071354 0.061111
7 0.816927 0.525000 0.013021 0.077778
1 0.871615 0.551389 0.072396 0.110185
13 0.527604 0.493519 0.032292 0.079630
4 0.499479 0.520833 0.018750 0.030556
4 0.485417 0.505093 0.021875 0.037963
6 0.480208 0.520833 0.014583 0.015741
4 0.459115 0.526852 0.020313 0.031481
4 0.429948 0.514815 0.045312 0.037037
6 0.433594 0.539815 0.010937 0.031481
14 0.395313 0.517593 0.025000 0.059259
14 0.360677 0.535185 0.082812 0.111111
10 0.220052 0.443981 0.027604 0.058333
7 0.131250 0.558333 0.032292 0.124074
2 0.082031 0.573148 0.036979 0.066667
8 0.505729 0.529167 0.012500 0.045370
6 0.505990 0.539815 0.016146 0.040741
14 0.503646 0.494907 0.014583 0.021296
