13 0.451302 0.513889 0.019271 0.029630
13 0.470833 0.505093 0.022917 0.039815
14 0.439583 0.518981 0.005208 0.012037
8 0.458594 0.517593 0.003646 0.011111
8 0.462500 0.519907 0.007292 0.023148
8 0.466406 0.519444 0.004687 0.014815
8 0.468490 0.525463 0.006771 0.034259
8 0.471875 0.525000 0.010417 0.033333
6 0.470833 0.543981 0.009375 0.023148
4 0.478906 0.525926 0.009896 0.020370
4 0.496094 0.534259 0.023438 0.048148
14 0.500260 0.502315 0.015104 0.023148
14 0.523177 0.505093 0.018229 0.019444
13 0.541146 0.498611 0.017708 0.019444
4 0.587240 0.527778 0.029687 0.027778
4 0.592708 0.549537 0.032292 0.056481
4 0.639323 0.533333 0.050521 0.044444
8 0.700260 0.530556 0.005729 0.009259
1 0.720833 0.538426 0.035417 0.021296
4 0.723958 0.579167 0.068750 0.087963
3 0.812500 0.548611 0.126042 0.193519
3 0.925000 0.566204 0.150000 0.487963
6 0.508073 0.545833 0.011979 0.043519
8 0.512500 0.526852 0.011458 0.035185
4 0.542969 0.566204 0.079687 0.123148
7 0.568490 0.505093 0.005729 0.013889
7 0.573958 0.522222 0.008333 0.038889
7 0.584375 0.538426 0.011458 0.087963
8 0.449219 0.540741 0.011979 0.031481
8 0.458594 0.718981 0.124479 0.341667
6 0.457813 0.849537 0.095833 0.239815
6 0.414844 0.544444 0.008854 0.022222
7 0.395573 0.521296 0.005729 0.037037
7 0.384375 0.520370 0.006250 0.037037
10 0.422917 0.485648 0.005208 0.012037
10 0.404687 0.451852 0.005208 0.016667
4 0.327865 0.546296 0.084896 0.088889
8 0.279427 0.504630 0.008854 0.035185
6 0.291146 0.527315 0.022917 0.036111
1 0.234115 0.516204 0.027604 0.056481
7 0.261458 0.541204 0.018750 0.100926
4 0.068750 0.550463 0.136458 0.130556
4 0.651302 0.645370 0.167187 0.212963
6 0.448177 0.538889 0.009896 0.027778
8 0.449219 0.525000 0.011979 0.040741
8 0.461979 0.540741 0.019792 0.037037
8 0.459115 0.543519 0.015104 0.031481
8 0.478385 0.703241 0.049479 0.304630
9 0.466146 0.452778 0.010417 0.007407
9 0.468750 0.472222 0.006250 0.005556
6 0.882552 0.686574 0.061979 0.041667
8 0.883073 0.683796 0.021354 0.032407
10 0.431250 0.497685 0.005208 0.013889
8 0.482812 0.533796 0.015625 0.052778
