13 0.091406 0.574537 0.181771 0.445370
7 0.445573 0.514815 0.006771 0.018519
7 0.452604 0.513426 0.006250 0.015741
7 0.458073 0.514815 0.005729 0.007407
7 0.464062 0.517593 0.003125 0.018519
7 0.465625 0.516667 0.004167 0.012963
6 0.467969 0.531481 0.007812 0.018519
8 0.468229 0.516667 0.007292 0.018519
6 0.486979 0.528241 0.011458 0.019444
8 0.486458 0.522222 0.008333 0.029630
7 0.496875 0.528704 0.010417 0.037037
13 0.532031 0.518519 0.027604 0.057407
7 0.554167 0.519444 0.005208 0.018519
7 0.547917 0.531019 0.007292 0.047222
7 0.550521 0.540278 0.009375 0.039815
7 0.541146 0.535648 0.011458 0.047222
1 0.583594 0.556481 0.047396 0.090741
7 0.616406 0.538426 0.008854 0.025000
7 0.608333 0.533333 0.006250 0.020370
7 0.887240 0.688426 0.038021 0.099074
14 0.729948 0.547222 0.083854 0.168519
7 0.716146 0.581019 0.020833 0.121296
7 0.642448 0.541204 0.010937 0.039815
7 0.626563 0.535648 0.011458 0.030556
7 0.614844 0.568981 0.013021 0.065741
7 0.604427 0.586111 0.027604 0.120370
7 0.665625 0.596759 0.020833 0.132407
7 0.636458 0.592130 0.025000 0.143519
4 0.425000 0.521296 0.023958 0.027778
4 0.415625 0.530556 0.032292 0.048148
6 0.477344 0.553241 0.015104 0.030556
8 0.478385 0.528704 0.014063 0.033333
6 0.454948 0.549537 0.019271 0.047222
8 0.455990 0.543056 0.019271 0.062037
6 0.500521 0.720833 0.079167 0.271296
8 0.515104 0.613426 0.034375 0.136111
8 0.490104 0.672222 0.073958 0.262963
13 0.379167 0.507407 0.046875 0.103704
8 0.032031 0.606944 0.063021 0.154630
7 0.393229 0.511574 0.010417 0.071296
13 0.338021 0.571759 0.072917 0.175000
8 0.376823 0.529167 0.014063 0.039815
7 0.415104 0.596296 0.026042 0.157407
7 0.388021 0.596296 0.020833 0.155556
7 0.363281 0.617130 0.044271 0.230556
13 0.248438 0.600463 0.127083 0.247222
7 0.305208 0.530556 0.044792 0.070370
7 0.315625 0.680093 0.060417 0.336111
7 0.860938 0.619444 0.039583 0.066667
6 0.506771 0.526389 0.009375 0.013889
