10 0.570052 0.481481 0.008854 0.011111
10 0.569271 0.491204 0.008333 0.012037
10 0.504427 0.473148 0.011979 0.020370
7 0.481250 0.532407 0.012500 0.050000
7 0.513021 0.532407 0.010417 0.057407
4 0.558854 0.546296 0.039583 0.053704
7 0.781771 0.533333 0.007292 0.027778
10 0.772656 0.505093 0.008854 0.013889
13 0.747396 0.538426 0.055208 0.125000
6 0.795312 0.572685 0.020833 0.050926
8 0.795052 0.555093 0.019271 0.058333
4 0.941406 0.592130 0.074479 0.095370
4 0.881771 0.605093 0.119792 0.130556
13 0.667708 0.471759 0.120833 0.317593
6 0.355729 0.514352 0.016667 0.041667
4 0.209375 0.486111 0.085417 0.035185
4 0.277344 0.493519 0.073438 0.029630
7 0.370312 0.537500 0.019792 0.102778
4 0.338802 0.538889 0.024479 0.109259
7 0.081250 0.446296 0.011458 0.042593
14 0.059896 0.537963 0.042708 0.053704
7 0.036198 0.507407 0.027604 0.144444
6 0.410677 0.691667 0.117188 0.200000
8 0.415104 0.651389 0.070833 0.260185
