1 0.391667 0.556019 0.036458 0.015741
4 0.394531 0.580556 0.034896 0.050000
13 0.442969 0.582407 0.111979 0.164815
13 0.504687 0.547222 0.009375 0.016667
4 0.504687 0.554167 0.009375 0.013889
8 0.504687 0.556019 0.005208 0.012037
6 0.504948 0.562963 0.004687 0.009259
3 0.515625 0.550926 0.012500 0.025926
3 0.529167 0.552315 0.014583 0.036111
4 0.542969 0.559259 0.011979 0.020370
3 0.549740 0.543056 0.018229 0.017593
4 0.550260 0.571296 0.014063 0.046296
1 0.567448 0.583796 0.031771 0.071296
6 0.615365 0.593519 0.016146 0.042593
6 0.615885 0.580093 0.014063 0.052778
4 0.682292 0.578704 0.062500 0.016667
13 0.738542 0.561574 0.036458 0.050926
4 0.730729 0.786574 0.296875 0.402778
8 0.911719 0.632870 0.035937 0.104630
8 0.872656 0.655556 0.066146 0.155556
6 0.923177 0.728704 0.043229 0.111111
6 0.878125 0.722222 0.085417 0.181481
8 0.533854 0.609722 0.030208 0.093519
8 0.527083 0.644907 0.051042 0.156481
6 0.527604 0.699074 0.053125 0.129630
10 0.867188 0.461111 0.030208 0.070370
