4 0.534375 0.515741 0.012500 0.024074
7 0.542188 0.522222 0.005208 0.029630
7 0.537500 0.524074 0.007292 0.027778
7 0.553646 0.518519 0.006250 0.018519
6 0.525000 0.535185 0.016667 0.024074
7 0.578906 0.536111 0.008854 0.033333
7 0.588281 0.536574 0.005729 0.025000
7 0.608594 0.540278 0.013021 0.043519
7 0.664844 0.588889 0.026562 0.066667
8 0.640885 0.589352 0.025521 0.108333
6 0.643750 0.602778 0.027083 0.096296
7 0.885677 0.619907 0.027604 0.178704
13 0.714583 0.587500 0.102083 0.089815
8 0.521615 0.525926 0.005729 0.044444
7 0.549479 0.530556 0.010417 0.016667
6 0.545833 0.565741 0.025000 0.050000
8 0.552604 0.560185 0.019792 0.068519
7 0.565885 0.607407 0.046354 0.196296
7 0.623958 0.616204 0.043750 0.204630
7 0.596354 0.621296 0.039583 0.211111
13 0.491667 0.515741 0.025000 0.074074
7 0.496615 0.503241 0.007812 0.036111
7 0.489583 0.512037 0.007292 0.029630
6 0.486719 0.551852 0.015104 0.048148
8 0.488542 0.539352 0.014583 0.047222
8 0.485417 0.541667 0.014583 0.053704
6 0.509635 0.562500 0.030729 0.052778
8 0.508073 0.551852 0.021354 0.068519
7 0.463021 0.529630 0.008333 0.042593
8 0.448958 0.533333 0.010417 0.038889
6 0.450781 0.548611 0.013021 0.043519
13 0.370312 0.546759 0.093750 0.293519
7 0.433073 0.670370 0.059896 0.307407
7 0.290885 0.606019 0.041146 0.180556
7 0.117708 0.530556 0.029167 0.092593
7 0.473698 0.529167 0.006771 0.041667
6 0.468229 0.534722 0.006250 0.023148
14 0.539062 0.558796 0.021875 0.050926
