13 0.430208 0.509722 0.035417 0.056481
13 0.408854 0.525926 0.027083 0.057407
6 0.366146 0.529167 0.030208 0.030556
4 0.309115 0.529167 0.064062 0.065741
4 0.252083 0.520833 0.061458 0.069444
4 0.165625 0.496296 0.078125 0.062963
14 0.219531 0.510648 0.013021 0.039815
6 0.116667 0.506481 0.035417 0.038889
6 0.088542 0.506481 0.026042 0.037037
10 0.015625 0.271759 0.015625 0.086111
7 0.201302 0.513889 0.030729 0.088889
6 0.388802 0.555093 0.020313 0.052778
8 0.390885 0.540278 0.022396 0.076852
14 0.445052 0.531481 0.011979 0.022222
6 0.434635 0.538889 0.010937 0.025926
8 0.433854 0.525000 0.010417 0.029630
4 0.470313 0.546759 0.058333 0.089815
6 0.517969 0.525000 0.008854 0.011111
8 0.519792 0.518056 0.009375 0.023148
6 0.551562 0.528241 0.008333 0.025000
8 0.550521 0.519444 0.008333 0.029630
4 0.558594 0.522685 0.010937 0.019444
6 0.608854 0.527315 0.015625 0.021296
6 0.523698 0.551852 0.016146 0.048148
8 0.524740 0.534259 0.013021 0.070370
6 0.534896 0.562037 0.023958 0.068519
8 0.534375 0.541667 0.022917 0.088889
6 0.566146 0.531481 0.013542 0.040741
8 0.568229 0.520833 0.013542 0.045370
6 0.623177 0.529167 0.008854 0.021296
8 0.622656 0.520833 0.010937 0.030556
13 0.735156 0.513426 0.198437 0.213889
6 0.857031 0.519907 0.018229 0.054630
6 0.961979 0.528704 0.028125 0.070370
6 0.941146 0.558796 0.047917 0.095370
6 0.329948 0.569907 0.032813 0.071296
6 0.317188 0.583796 0.039583 0.100926
6 0.302604 0.614352 0.034375 0.121296
6 0.267188 0.648611 0.053125 0.132407
6 0.240885 0.677315 0.057813 0.180556
6 0.176302 0.738889 0.071354 0.262963
8 0.202604 0.694444 0.077083 0.287037
8 0.159896 0.740278 0.096875 0.330556
