9 0.476823 0.518056 0.006771 0.026852
9 0.475260 0.548148 0.007812 0.011111
4 0.520833 0.586574 0.040625 0.050926
4 0.551562 0.612963 0.059375 0.077778
4 0.626302 0.653704 0.123438 0.166667
8 0.712760 0.691667 0.084896 0.240741
6 0.710417 0.763889 0.105208 0.227778
7 0.875000 0.560648 0.026042 0.065741
7 0.904948 0.557407 0.029687 0.048148
7 0.979948 0.550463 0.030729 0.058333
4 0.882812 0.781944 0.234375 0.415741
8 0.632292 0.628241 0.038542 0.102778
8 0.631510 0.734259 0.083854 0.300000
6 0.634375 0.791204 0.093750 0.282407
4 0.441406 0.582407 0.026562 0.029630
4 0.455990 0.598611 0.022396 0.050926
1 0.489323 0.593056 0.054688 0.058333
8 0.540365 0.600000 0.022396 0.050000
3 0.394792 0.568519 0.037500 0.029630
4 0.377344 0.580093 0.031771 0.021296
7 0.397917 0.577778 0.006250 0.014815
4 0.418229 0.597685 0.038542 0.049074
4 0.354427 0.577778 0.021354 0.018519
14 0.317188 0.574074 0.051042 0.055556
4 0.358073 0.599074 0.048438 0.025926
4 0.401562 0.655093 0.087500 0.143519
4 0.498958 0.737963 0.162500 0.261111
4 0.357552 0.710185 0.124479 0.220370
1 0.226302 0.783333 0.236979 0.425926
8 0.118229 0.659722 0.027083 0.102778
6 0.106510 0.717130 0.035937 0.041667
4 0.059896 0.796296 0.118750 0.309259
8 0.540365 0.598148 0.022396 0.048148
