4 0.508073 0.526852 0.011979 0.016667
7 0.515104 0.524074 0.005208 0.020370
7 0.516146 0.538426 0.006250 0.034259
7 0.526563 0.536111 0.006250 0.038889
7 0.533854 0.535648 0.008333 0.039815
1 0.553385 0.535185 0.018229 0.037037
7 0.539323 0.529167 0.004687 0.021296
7 0.564323 0.525000 0.005729 0.014815
6 0.566406 0.541204 0.011979 0.017593
6 0.565104 0.560185 0.021875 0.037037
7 0.649740 0.531019 0.011979 0.047222
7 0.673177 0.577778 0.020313 0.129630
7 0.736198 0.609259 0.030729 0.157407
7 0.806771 0.520833 0.017708 0.050926
7 0.820052 0.525926 0.034896 0.083333
13 0.869792 0.740278 0.260417 0.519444
8 0.502344 0.530556 0.006771 0.024074
8 0.504948 0.543519 0.013021 0.042593
6 0.504948 0.550926 0.015104 0.038889
8 0.550000 0.566667 0.018750 0.101852
8 0.542188 0.571759 0.027083 0.110185
6 0.543490 0.594907 0.039062 0.102778
8 0.491927 0.543056 0.011979 0.049074
6 0.491146 0.553704 0.011458 0.037037
7 0.474740 0.529630 0.004687 0.022222
7 0.466406 0.538889 0.005729 0.038889
7 0.456771 0.540741 0.007292 0.040741
10 0.454427 0.501389 0.004687 0.008333
7 0.451562 0.545370 0.009375 0.050000
7 0.425521 0.524074 0.003125 0.009259
7 0.421615 0.523148 0.002604 0.009259
7 0.417708 0.532870 0.003125 0.030556
7 0.444010 0.550926 0.009896 0.053704
14 0.433854 0.553704 0.016667 0.046296
7 0.410677 0.532870 0.005729 0.019444
7 0.406771 0.533333 0.005208 0.020370
6 0.419271 0.556944 0.028125 0.036111
8 0.423958 0.545833 0.008333 0.052778
7 0.385937 0.552315 0.008333 0.056481
7 0.378125 0.528704 0.007292 0.018519
7 0.374740 0.555093 0.010937 0.052778
4 0.300521 0.545370 0.071875 0.046296
7 0.295312 0.590741 0.015625 0.100000
7 0.351302 0.598611 0.028646 0.182407
7 0.229948 0.549537 0.029687 0.084259
8 0.251042 0.587963 0.021875 0.105556
8 0.266667 0.618519 0.048958 0.175926
6 0.264844 0.683333 0.033854 0.103704
7 0.193750 0.617593 0.042708 0.072222
7 0.159635 0.616667 0.032813 0.198148
7 0.100781 0.635648 0.025521 0.076852
6 0.219271 0.823148 0.171875 0.351852
8 0.226562 0.737500 0.091667 0.330556
7 0.635417 0.526389 0.021875 0.050926
