3 0.413281 0.526389 0.009896 0.023148
13 0.397656 0.524074 0.010937 0.020370
4 0.408333 0.535648 0.013542 0.019444
1 0.384115 0.538889 0.016146 0.033333
13 0.372917 0.529167 0.016667 0.028704
4 0.364583 0.537963 0.013542 0.022222
4 0.396094 0.535185 0.009896 0.018519
6 0.416146 0.534722 0.004167 0.008333
8 0.415104 0.527778 0.003125 0.005556
14 0.420312 0.528704 0.003125 0.007407
2 0.374740 0.542130 0.003646 0.013889
8 0.374740 0.534722 0.005729 0.021296
4 0.356250 0.542593 0.009375 0.031481
13 0.341927 0.533796 0.024479 0.069444
13 0.320833 0.534722 0.023958 0.091667
10 0.279687 0.464815 0.010417 0.018519
13 0.254427 0.551852 0.050521 0.201852
13 0.186979 0.568981 0.130208 0.278704
7 0.077344 0.531481 0.007812 0.046296
7 0.085417 0.545833 0.008333 0.025000
4 0.100000 0.690741 0.198958 0.272222
4 0.061979 0.807407 0.122917 0.385185
13 0.294010 0.539815 0.041146 0.127778
14 0.443229 0.526852 0.010417 0.029630
4 0.467187 0.537037 0.015625 0.024074
4 0.488021 0.541667 0.022917 0.033333
4 0.516406 0.545833 0.027604 0.041667
14 0.734375 0.474074 0.105208 0.051852
7 0.919792 0.568056 0.010417 0.060185
7 0.944271 0.557870 0.008333 0.041667
6 0.932292 0.584722 0.011458 0.043519
6 0.946615 0.581019 0.015104 0.054630
6 0.964583 0.580556 0.018750 0.055556
7 0.909896 0.566667 0.009375 0.057407
6 0.907292 0.616667 0.025000 0.064815
8 0.906771 0.583333 0.013542 0.090741
4 0.686458 0.732870 0.434375 0.523148
4 0.336719 0.545833 0.015104 0.049074
