1 0.555208 0.571296 0.005208 0.012963
8 0.557813 0.569907 0.004167 0.010185
6 0.557552 0.579630 0.003646 0.011111
4 0.570312 0.575926 0.015625 0.027778
4 0.581510 0.579630 0.014063 0.037037
1 0.605990 0.606481 0.045312 0.101852
14 0.753385 0.761111 0.116146 0.212963
7 0.772917 0.730556 0.083333 0.312963
14 0.893750 0.856944 0.182292 0.276852
7 0.949219 0.782870 0.101562 0.432407
3 0.535677 0.563889 0.027604 0.044444
4 0.541406 0.576389 0.016146 0.032407
6 0.549219 0.582407 0.006771 0.025926
8 0.549479 0.574537 0.007292 0.032407
1 0.505469 0.576389 0.018229 0.037963
4 0.484896 0.578241 0.022917 0.034259
8 0.496875 0.568981 0.008333 0.015741
6 0.493750 0.603704 0.020833 0.055556
4 0.470573 0.582870 0.022396 0.041667
14 0.439844 0.562963 0.020313 0.012963
4 0.456250 0.586111 0.028125 0.046296
4 0.442708 0.589815 0.041667 0.055556
4 0.408594 0.599074 0.056771 0.075926
4 0.344792 0.574537 0.033333 0.021296
4 0.303646 0.612037 0.061458 0.090741
4 0.232031 0.640741 0.148438 0.146296
4 0.073958 0.656481 0.146875 0.174074
14 0.009896 0.700926 0.018750 0.133333
8 0.560937 0.571296 0.009375 0.022222
6 0.560677 0.589815 0.008854 0.022222
8 0.493229 0.589352 0.019792 0.060185
6 0.515625 0.611574 0.020833 0.062037
8 0.516146 0.595370 0.020833 0.074074
4 0.364844 0.613426 0.075521 0.095370
10 0.480990 0.548611 0.007812 0.017593
8 0.521875 0.571296 0.010417 0.022222
