8 0.567708 0.544907 0.004167 0.008333
8 0.573177 0.544907 0.003646 0.008333
13 0.585938 0.543519 0.022917 0.022222
7 0.627865 0.555556 0.003646 0.020370
7 0.624479 0.554167 0.005208 0.021296
8 0.578385 0.556019 0.004687 0.017593
8 0.574740 0.554630 0.004687 0.009259
8 0.574479 0.562963 0.007292 0.025926
14 0.560677 0.555093 0.021354 0.012037
14 0.553125 0.561574 0.012500 0.015741
8 0.566927 0.557870 0.005729 0.019444
14 0.598177 0.551852 0.025521 0.014815
4 0.598698 0.566667 0.020313 0.020370
8 0.609635 0.560648 0.017188 0.028704
7 0.527344 0.557870 0.004687 0.008333
4 0.543490 0.571296 0.020313 0.031481
4 0.507292 0.574537 0.043750 0.028704
7 0.468490 0.559722 0.009896 0.026852
7 0.440885 0.574074 0.004687 0.012963
7 0.430469 0.573611 0.015104 0.030556
7 0.411458 0.585648 0.011458 0.026852
7 0.375781 0.584722 0.015104 0.037963
7 0.394010 0.588426 0.011979 0.026852
4 0.466667 0.618056 0.076042 0.093519
8 0.582812 0.557407 0.005208 0.016667
8 0.571615 0.571759 0.013021 0.037963
6 0.573177 0.592593 0.007812 0.014815
6 0.562240 0.620370 0.020313 0.057407
8 0.560937 0.593056 0.022917 0.080556
6 0.543750 0.606944 0.009375 0.006481
8 0.534375 0.602778 0.027083 0.087037
8 0.522656 0.588889 0.024479 0.042593
6 0.482812 0.688426 0.048958 0.160185
8 0.479167 0.646296 0.047917 0.153704
6 0.664583 0.579630 0.005208 0.009259
8 0.655469 0.578241 0.022396 0.054630
4 0.621875 0.664815 0.130208 0.212963
6 0.524219 0.747222 0.076563 0.229630
7 0.156771 0.669907 0.045833 0.191667
7 0.637240 0.548148 0.004687 0.014815
7 0.634115 0.550000 0.004687 0.007407
7 0.640365 0.546759 0.003646 0.008333
7 0.643750 0.546759 0.003125 0.008333
7 0.654687 0.548148 0.008333 0.016667
7 0.697396 0.551852 0.014583 0.037037
7 0.727083 0.567593 0.012500 0.072222
7 0.714844 0.592593 0.013021 0.096296
7 0.708073 0.593981 0.020313 0.093519
7 0.782292 0.539815 0.010417 0.029630
7 0.791667 0.544444 0.010417 0.050000
7 0.837760 0.537500 0.017188 0.039815
7 0.840885 0.627315 0.018229 0.100926
7 0.790885 0.550000 0.014063 0.040741
7 0.796615 0.618981 0.017188 0.141667
7 0.774219 0.609722 0.031771 0.167593
7 0.894010 0.562500 0.015104 0.067593
7 0.822135 0.612963 0.042188 0.216667
7 0.869531 0.624074 0.047396 0.222222
7 0.917969 0.614815 0.055729 0.225926
7 0.969531 0.582870 0.060937 0.180556
8 0.984115 0.799537 0.031771 0.384259
2 0.977083 0.902315 0.044792 0.195370
7 0.736979 0.573148 0.026042 0.096296
8 0.523177 0.685185 0.063021 0.198148
7 0.419010 0.577778 0.016146 0.037037
7 0.432292 0.574537 0.013542 0.026852
8 0.515625 0.598148 0.039583 0.062963
8 0.584115 0.579167 0.021354 0.049074
7 0.685417 0.552778 0.010417 0.027778
7 0.681250 0.595370 0.013542 0.090741
7 0.801562 0.609259 0.029167 0.162963
