14 0.636198 0.489815 0.009896 0.014815
4 0.626042 0.492593 0.010417 0.018519
14 0.617448 0.490741 0.007812 0.025926
13 0.609115 0.487963 0.013021 0.037037
4 0.599740 0.500000 0.016146 0.024074
4 0.557031 0.505556 0.031771 0.051852
14 0.646615 0.486574 0.010937 0.008333
4 0.647396 0.508796 0.023958 0.036111
7 0.609896 0.591667 0.028125 0.137037
7 0.646094 0.587500 0.032813 0.158333
7 0.730208 0.550000 0.014583 0.094444
7 0.680208 0.579167 0.025000 0.125000
7 0.692708 0.602315 0.028125 0.165741
1 0.785937 0.577778 0.128125 0.166667
4 0.877344 0.654630 0.245312 0.283333
0 0.483594 0.624074 0.041146 0.050000
13 0.166146 0.507870 0.047917 0.043519
13 0.326042 0.514352 0.088542 0.058333
2 0.415625 0.624537 0.093750 0.117593
8 0.414062 0.602778 0.045833 0.168519
7 0.373698 0.533333 0.022396 0.051852
7 0.983594 0.497222 0.018229 0.068519
14 0.385156 0.607870 0.117188 0.091667
7 0.922396 0.496296 0.018750 0.035185
