1 0.383594 0.507870 0.013021 0.019444
4 0.412500 0.515741 0.033333 0.027778
8 0.430729 0.513889 0.004167 0.016667
6 0.430469 0.522222 0.009896 0.018519
8 0.436979 0.515741 0.004167 0.012963
8 0.440365 0.516204 0.004687 0.012037
6 0.439844 0.525000 0.004687 0.011111
6 0.455469 0.525000 0.003646 0.014815
8 0.456510 0.515741 0.005729 0.011111
4 0.480990 0.523148 0.010937 0.020370
14 0.467708 0.506019 0.018750 0.028704
4 0.469271 0.525463 0.019792 0.034259
8 0.505208 0.531481 0.012500 0.027778
6 0.504687 0.535185 0.006250 0.016667
13 0.555469 0.525463 0.044271 0.067593
4 0.594010 0.559259 0.031771 0.053704
1 0.677604 0.561111 0.036458 0.048148
4 0.697135 0.589815 0.075521 0.088889
1 0.826042 0.632407 0.105208 0.174074
4 0.875781 0.642593 0.018229 0.059259
4 0.627604 0.578241 0.059375 0.089815
6 0.385937 0.520370 0.005208 0.012963
8 0.384635 0.510648 0.005729 0.015741
4 0.408594 0.527778 0.019271 0.031481
8 0.431510 0.531944 0.010937 0.034259
8 0.433333 0.533796 0.011458 0.026852
6 0.430990 0.541667 0.013021 0.027778
6 0.451042 0.534259 0.007292 0.022222
8 0.451302 0.522685 0.008854 0.021296
7 0.367708 0.515278 0.005208 0.023148
6 0.378385 0.528241 0.011979 0.025000
7 0.379688 0.526852 0.008333 0.040741
8 0.394010 0.538426 0.006771 0.043519
8 0.393229 0.542593 0.019792 0.053704
6 0.392708 0.548148 0.009375 0.044444
8 0.344271 0.561574 0.029167 0.065741
6 0.348438 0.587037 0.014583 0.057407
8 0.376823 0.554167 0.020313 0.063889
8 0.367708 0.580093 0.031250 0.100926
6 0.372396 0.610648 0.031250 0.087963
7 0.159896 0.560185 0.031250 0.135185
7 0.197917 0.588426 0.021875 0.082407
7 0.223698 0.569907 0.026562 0.126852
10 0.293490 0.408333 0.025521 0.038889
10 0.350521 0.449537 0.018750 0.034259
6 0.492448 0.538426 0.008854 0.013889
10 0.097135 0.295370 0.041146 0.088889
