14 0.509375 0.546296 0.013542 0.014815
14 0.525781 0.544444 0.011979 0.009259
14 0.556250 0.538426 0.015625 0.023148
13 0.541146 0.542130 0.017708 0.030556
8 0.506510 0.545370 0.007812 0.011111
7 0.488542 0.549074 0.006250 0.020370
1 0.495573 0.556019 0.008854 0.010185
8 0.475521 0.562037 0.008333 0.018519
8 0.483594 0.561111 0.009896 0.020370
14 0.452865 0.561574 0.038021 0.021296
8 0.469792 0.565741 0.008333 0.012963
7 0.292448 0.548611 0.011979 0.019444
7 0.288542 0.576389 0.018750 0.050926
7 0.304167 0.574074 0.023958 0.064815
7 0.329948 0.575926 0.020313 0.061111
7 0.237760 0.564352 0.031771 0.073148
7 0.008594 0.614815 0.016146 0.153704
7 0.050260 0.640278 0.028646 0.154630
7 0.061719 0.640278 0.033854 0.178704
8 0.184375 0.577315 0.039583 0.056481
8 0.319531 0.587500 0.028646 0.041667
8 0.374219 0.595833 0.018229 0.067593
6 0.370052 0.649537 0.016146 0.045370
6 0.364583 0.632870 0.018750 0.036111
8 0.353125 0.604167 0.038542 0.082407
4 0.516146 0.567130 0.039583 0.030556
8 0.540365 0.556481 0.004687 0.014815
6 0.540625 0.568056 0.004167 0.010185
8 0.536979 0.563426 0.006250 0.017593
6 0.538542 0.576852 0.007292 0.011111
4 0.509375 0.573148 0.047917 0.029630
4 0.488802 0.605556 0.052604 0.072222
14 0.555729 0.548611 0.009375 0.008333
14 0.570052 0.547685 0.013021 0.006481
14 0.584115 0.555556 0.013021 0.016667
14 0.593490 0.559722 0.009896 0.017593
8 0.603906 0.555556 0.004687 0.005556
4 0.597396 0.565741 0.013542 0.014815
4 0.587500 0.583796 0.016667 0.039815
4 0.603646 0.572222 0.013542 0.029630
4 0.627865 0.591204 0.077604 0.099074
7 0.694271 0.552315 0.005208 0.012037
7 0.752344 0.572222 0.011979 0.042593
4 0.755729 0.609259 0.023958 0.053704
4 0.831771 0.670833 0.165625 0.180556
9 0.837240 0.345370 0.021354 0.037037
9 0.821094 0.356944 0.017188 0.037963
10 0.825521 0.458796 0.012500 0.049074
1 0.955990 0.616204 0.088021 0.075000
6 0.809635 0.760185 0.038021 0.033333
8 0.839323 0.675926 0.069271 0.157407
4 0.681771 0.670370 0.164583 0.240741
1 0.561719 0.568519 0.042188 0.042593
1 0.424740 0.656019 0.096354 0.204630
4 0.206771 0.797222 0.396875 0.405556
4 0.878646 0.796296 0.242708 0.407407
4 0.556250 0.724537 0.145833 0.289815
6 0.485417 0.855556 0.100000 0.287037
8 0.482031 0.775463 0.107813 0.393519
6 0.684896 0.836111 0.097917 0.255556
8 0.695833 0.745833 0.110417 0.345370
10 0.827604 0.497685 0.015625 0.021296
