10 0.464323 0.451852 0.010937 0.020370
4 0.297917 0.523148 0.022917 0.027778
4 0.258333 0.519444 0.053125 0.051852
4 0.236719 0.539352 0.030729 0.067593
7 0.105469 0.564815 0.025521 0.077778
7 0.080469 0.569444 0.031771 0.181481
6 0.156771 0.609722 0.107292 0.100926
8 0.161198 0.575463 0.032813 0.173148
6 0.336198 0.530093 0.007812 0.019444
6 0.347135 0.531481 0.009896 0.016667
7 0.316927 0.535648 0.018229 0.084259
13 0.850521 0.491204 0.233333 0.232407
8 0.943750 0.569907 0.030208 0.065741
3 0.641406 0.510648 0.047396 0.062037
13 0.695052 0.486574 0.073438 0.104630
4 0.407292 0.530556 0.032292 0.042593
7 0.473177 0.515278 0.007812 0.032407
13 0.561719 0.494907 0.022396 0.034259
13 0.541927 0.512963 0.013021 0.016667
4 0.586198 0.531481 0.022396 0.037037
4 0.553906 0.517593 0.013021 0.016667
4 0.568750 0.518056 0.014583 0.017593
4 0.650260 0.525926 0.018229 0.025926
14 0.566406 0.520370 0.018229 0.016667
8 0.615104 0.531019 0.012500 0.019444
7 0.515885 0.523148 0.006771 0.027778
14 0.528906 0.517593 0.009896 0.018519
6 0.494010 0.604167 0.041146 0.080556
7 0.442708 0.522222 0.008333 0.042593
7 0.431250 0.527315 0.009375 0.054630
8 0.491667 0.582870 0.033333 0.112037
6 0.525260 0.574537 0.013021 0.047222
8 0.527865 0.547222 0.019271 0.050000
8 0.539583 0.555093 0.025000 0.063889
4 0.580729 0.603704 0.159375 0.135185
4 0.744531 0.662963 0.256771 0.340741
4 0.867188 0.796296 0.265625 0.407407
6 0.566146 0.646296 0.035417 0.131481
8 0.576042 0.621759 0.045833 0.199074
6 0.541146 0.700463 0.066667 0.187963
8 0.571354 0.658333 0.063542 0.238889
8 0.549479 0.653241 0.069792 0.200926
6 0.403646 0.653704 0.047917 0.122222
8 0.413021 0.614352 0.046875 0.187963
6 0.450260 0.727315 0.075521 0.276852
8 0.448958 0.641204 0.070833 0.225000
6 0.346354 0.852315 0.218750 0.293519
8 0.380469 0.781944 0.132812 0.436111
8 0.307552 0.786111 0.204687 0.427778
8 0.598698 0.519907 0.007812 0.017593
7 0.608594 0.512500 0.006771 0.023148
14 0.604688 0.525926 0.007292 0.024074
7 0.538802 0.518981 0.004687 0.013889
6 0.590625 0.536111 0.014583 0.022222
8 0.588802 0.532407 0.009896 0.031481
10 0.673698 0.473148 0.010937 0.027778
14 0.422396 0.518519 0.015625 0.035185
4 0.004427 0.576852 0.007812 0.068519
7 0.671094 0.507870 0.009896 0.013889
