13 0.476823 0.544444 0.016146 0.040741
4 0.403906 0.556481 0.020313 0.009259
4 0.451562 0.584259 0.039583 0.051852
7 0.496094 0.564815 0.006771 0.022222
4 0.470052 0.612037 0.050521 0.094444
7 0.553385 0.561574 0.006771 0.019444
7 0.523438 0.557870 0.004167 0.012037
4 0.548958 0.661111 0.118750 0.159259
7 0.586719 0.583333 0.014063 0.061111
0 0.622656 0.621759 0.016146 0.039815
4 0.487760 0.631019 0.059896 0.113889
8 0.393490 0.559259 0.004687 0.009259
8 0.384115 0.560648 0.003646 0.010185
8 0.388542 0.559722 0.004167 0.010185
1 0.401823 0.573148 0.046354 0.024074
10 0.388021 0.544444 0.009375 0.020370
4 0.423698 0.651852 0.070312 0.146296
1 0.307812 0.756944 0.190625 0.380556
9 0.376823 0.509259 0.006771 0.035185
7 0.228906 0.587500 0.009896 0.026852
8 0.220573 0.598148 0.010937 0.014815
4 0.221354 0.606944 0.026042 0.012037
7 0.181250 0.584259 0.012500 0.031481
7 0.171875 0.589352 0.018750 0.023148
6 0.134375 0.604630 0.014583 0.025926
4 0.170052 0.637037 0.089063 0.072222
8 0.122917 0.643056 0.035417 0.104630
8 0.105208 0.622685 0.017708 0.050926
8 0.093229 0.635648 0.032292 0.084259
8 0.066927 0.616667 0.023438 0.050000
8 0.048958 0.614352 0.028125 0.050926
8 0.032813 0.618981 0.022917 0.034259
8 0.013542 0.619907 0.015625 0.034259
4 0.176563 0.728241 0.111458 0.239815
4 0.099740 0.817593 0.198437 0.364815
7 0.923438 0.644444 0.060417 0.240741
7 0.973698 0.648148 0.052604 0.307407
7 0.173958 0.590278 0.014583 0.023148
4 0.432292 0.572685 0.015625 0.019444
8 0.420312 0.562037 0.008333 0.012963
8 0.437240 0.561111 0.007812 0.012963
4 0.451302 0.556481 0.025521 0.007407
14 0.423958 0.556944 0.009375 0.010185
14 0.433333 0.557870 0.012500 0.008333
13 0.436198 0.548148 0.010937 0.016667
14 0.425000 0.546296 0.012500 0.012963
14 0.444792 0.549074 0.010417 0.011111
14 0.453906 0.548611 0.008854 0.013889
14 0.461719 0.540741 0.015104 0.044444
