13 0.429688 0.502315 0.012500 0.032407
13 0.419531 0.504630 0.017188 0.035185
14 0.407292 0.500926 0.007292 0.025926
8 0.407552 0.506019 0.004687 0.017593
8 0.403646 0.506481 0.006250 0.016667
8 0.401562 0.522222 0.008333 0.033333
6 0.400260 0.529167 0.016146 0.028704
13 0.458073 0.486111 0.041146 0.081481
3 0.489323 0.500000 0.026562 0.038889
13 0.533854 0.490278 0.065625 0.065741
8 0.605469 0.523148 0.004687 0.007407
8 0.610938 0.524537 0.006250 0.012037
8 0.618490 0.531019 0.007812 0.019444
4 0.609375 0.563889 0.048958 0.075926
8 0.601823 0.551389 0.018229 0.063889
6 0.605469 0.566667 0.018229 0.040741
8 0.646354 0.568519 0.023958 0.090741
6 0.647656 0.588426 0.038021 0.082407
8 0.694271 0.555093 0.025000 0.062037
6 0.696354 0.575000 0.033333 0.040741
6 0.669010 0.608796 0.046354 0.073148
8 0.673958 0.576852 0.033333 0.109259
7 0.731250 0.550000 0.011458 0.035185
7 0.713542 0.547685 0.012500 0.032407
8 0.744531 0.549074 0.023438 0.040741
8 0.761719 0.554167 0.018229 0.034259
8 0.788281 0.542130 0.007812 0.017593
8 0.800521 0.553704 0.012500 0.033333
8 0.811719 0.552778 0.017188 0.037037
8 0.783333 0.552778 0.022917 0.033333
4 0.909375 0.595370 0.181250 0.187037
4 0.547917 0.562500 0.085417 0.119444
7 0.388542 0.509722 0.004167 0.021296
7 0.379427 0.512963 0.004687 0.014815
10 0.365104 0.457407 0.009375 0.018519
7 0.364063 0.511111 0.004167 0.020370
6 0.342448 0.510185 0.009896 0.018519
8 0.321875 0.516667 0.008333 0.033333
6 0.321094 0.525000 0.008854 0.018519
7 0.311979 0.516667 0.010417 0.051852
7 0.271875 0.525926 0.013542 0.066667
6 0.218490 0.550000 0.049479 0.070370
8 0.219792 0.537500 0.021875 0.099074
7 0.150521 0.537500 0.020833 0.056481
4 0.037760 0.506019 0.074479 0.062037
4 0.062760 0.563426 0.109896 0.132407
4 0.021615 0.582870 0.042188 0.136111
8 0.406510 0.525000 0.006771 0.031481
4 0.431510 0.518056 0.026562 0.008333
4 0.416406 0.562500 0.038021 0.087963
8 0.482292 0.523148 0.010417 0.029630
4 0.497917 0.531481 0.017708 0.025926
8 0.515625 0.567593 0.029167 0.101852
8 0.502344 0.575926 0.040104 0.107407
6 0.507292 0.602315 0.040625 0.102778
8 0.465885 0.683796 0.064062 0.300926
8 0.473177 0.662037 0.052604 0.264815
6 0.467448 0.719444 0.056771 0.227778
8 0.438281 0.774074 0.126562 0.451852
8 0.412760 0.785185 0.145313 0.405556
6 0.425260 0.850000 0.145313 0.300000
8 0.594792 0.612963 0.050000 0.162963
6 0.595573 0.731481 0.028646 0.138889
8 0.548958 0.706944 0.100000 0.373148
6 0.542969 0.805556 0.114062 0.364815
4 0.797396 0.781944 0.405208 0.436111
