13 0.520052 0.485185 0.065104 0.125926
13 0.557031 0.517593 0.011979 0.031481
1 0.576823 0.536574 0.009896 0.030556
13 0.601823 0.531019 0.047396 0.091667
8 0.679948 0.537037 0.008854 0.009259
8 0.701042 0.554630 0.026042 0.044444
13 0.835156 0.552778 0.230729 0.214815
4 0.878646 0.755093 0.242708 0.489815
13 0.469271 0.511574 0.082292 0.100926
10 0.338542 0.417130 0.018750 0.039815
4 0.346094 0.525463 0.031771 0.058333
13 0.389583 0.518519 0.079167 0.114815
4 0.269531 0.502315 0.045312 0.049074
4 0.172396 0.497222 0.026042 0.018519
4 0.201823 0.492130 0.040104 0.012037
4 0.211458 0.522222 0.079167 0.061111
7 0.341146 0.543981 0.016667 0.082407
7 0.360417 0.554167 0.009375 0.086111
7 0.315365 0.540741 0.006771 0.088889
7 0.320833 0.543056 0.012500 0.093519
7 0.291146 0.539815 0.014583 0.083333
7 0.261458 0.532407 0.014583 0.072222
7 0.099740 0.513426 0.022396 0.089815
7 0.155729 0.511111 0.029167 0.087037
6 0.399740 0.555093 0.033854 0.023148
8 0.404427 0.537500 0.008854 0.034259
8 0.399740 0.530556 0.008854 0.016667
8 0.396615 0.543981 0.029687 0.049074
8 0.544010 0.543519 0.018229 0.051852
8 0.557552 0.533796 0.008854 0.019444
8 0.568229 0.538889 0.010417 0.022222
6 0.566146 0.588889 0.030208 0.048148
6 0.541927 0.554630 0.011979 0.027778
8 0.532292 0.544907 0.018750 0.047222
8 0.565885 0.578241 0.032813 0.099074
4 0.479167 0.552315 0.062500 0.026852
8 0.516667 0.544907 0.029167 0.043519
4 0.644792 0.616667 0.131250 0.170370
6 0.653906 0.698611 0.066146 0.176852
8 0.649219 0.642130 0.069271 0.241667
4 0.461719 0.777315 0.317188 0.441667
6 0.252604 0.700463 0.035417 0.212037
8 0.235156 0.657870 0.056771 0.247222
6 0.153125 0.912500 0.176042 0.175000
8 0.181250 0.918981 0.082292 0.158333
6 0.704688 0.595370 0.018750 0.059259
