4 0.465365 0.536111 0.014063 0.024074
7 0.448958 0.540278 0.005208 0.026852
7 0.446615 0.539815 0.005729 0.025926
8 0.435937 0.534259 0.004167 0.014815
6 0.432292 0.547685 0.014583 0.015741
7 0.440885 0.542130 0.006771 0.032407
7 0.435937 0.541204 0.006250 0.034259
7 0.415104 0.530093 0.006250 0.017593
7 0.430469 0.543056 0.009896 0.043519
6 0.459375 0.556019 0.012500 0.021296
8 0.460677 0.544444 0.011979 0.037037
13 0.500260 0.541667 0.050521 0.092593
7 0.532292 0.533333 0.004167 0.020370
4 0.563021 0.548611 0.046875 0.041667
6 0.474740 0.566667 0.015104 0.046296
8 0.473958 0.552315 0.015625 0.049074
7 0.528646 0.537037 0.005208 0.018519
7 0.518490 0.537037 0.006771 0.020370
6 0.510156 0.572222 0.015104 0.059259
8 0.510938 0.543056 0.014583 0.028704
8 0.520573 0.544444 0.007812 0.020370
7 0.537500 0.554167 0.016667 0.058333
14 0.553385 0.581019 0.004687 0.034259
7 0.556510 0.572222 0.014063 0.079630
6 0.574219 0.612037 0.033854 0.094444
8 0.564063 0.554630 0.013542 0.037037
8 0.575000 0.589815 0.031250 0.096296
7 0.632552 0.564815 0.008854 0.025926
7 0.638021 0.572222 0.010417 0.029630
6 0.728385 0.597222 0.044271 0.083333
6 0.742708 0.592593 0.056250 0.100000
7 0.770573 0.614352 0.030729 0.041667
6 0.528385 0.594444 0.025521 0.081481
8 0.527865 0.577315 0.023438 0.084259
7 0.665885 0.637037 0.047396 0.211111
7 0.692969 0.686574 0.063021 0.249074
7 0.835417 0.663889 0.043750 0.259259
7 0.860417 0.675463 0.040625 0.267593
7 0.919531 0.683333 0.045312 0.300000
7 0.885938 0.570370 0.026042 0.059259
7 0.882812 0.687963 0.068750 0.285185
14 0.953646 0.826852 0.091667 0.218519
7 0.424219 0.532870 0.006771 0.021296
7 0.410156 0.541667 0.005729 0.031481
7 0.404948 0.545833 0.008854 0.045370
6 0.418490 0.578241 0.010937 0.023148
8 0.416146 0.561574 0.008333 0.054630
8 0.422396 0.556944 0.019792 0.060185
7 0.400000 0.535185 0.004167 0.011111
7 0.389844 0.531944 0.004687 0.021296
7 0.394271 0.527778 0.005208 0.009259
7 0.385156 0.535185 0.007812 0.025926
7 0.394531 0.547222 0.014063 0.031481
7 0.380469 0.579167 0.021354 0.084259
7 0.379688 0.587500 0.018750 0.091667
7 0.396094 0.581944 0.018229 0.104630
7 0.407552 0.607870 0.016146 0.056481
6 0.243229 0.553241 0.022917 0.060185
7 0.256250 0.587037 0.011458 0.046296
7 0.313021 0.580093 0.019792 0.119444
7 0.336979 0.579167 0.016667 0.119444
7 0.349219 0.581944 0.021354 0.125000
7 0.365885 0.581481 0.018229 0.124074
7 0.325781 0.591667 0.019271 0.111111
7 0.158854 0.583333 0.007292 0.016667
7 0.151042 0.599074 0.029167 0.070370
7 0.061198 0.563426 0.022396 0.076852
7 0.015365 0.559259 0.029687 0.068519
7 0.030469 0.584722 0.016146 0.030556
7 0.054948 0.607870 0.030729 0.080556
7 0.117969 0.770833 0.118229 0.458333
7 0.201302 0.769907 0.094271 0.460185
13 0.933854 0.586574 0.128125 0.487963
14 0.051562 0.851852 0.101042 0.205556
