1 0.473177 0.538889 0.010937 0.020370
4 0.462240 0.537963 0.009896 0.018519
7 0.472917 0.543519 0.008333 0.027778
7 0.458333 0.539815 0.004167 0.024074
6 0.465625 0.548611 0.016667 0.019444
14 0.476562 0.524537 0.011458 0.012037
14 0.469010 0.524074 0.005729 0.009259
14 0.463021 0.527315 0.006250 0.002778
3 0.442448 0.533796 0.026562 0.045370
7 0.426302 0.539815 0.002604 0.018519
7 0.423698 0.540741 0.002604 0.018519
7 0.420833 0.540741 0.003125 0.020370
7 0.417708 0.539815 0.003125 0.016667
6 0.416406 0.545833 0.005729 0.015741
8 0.409375 0.543981 0.007292 0.023148
6 0.409375 0.551389 0.006250 0.017593
6 0.383333 0.556481 0.008333 0.014815
1 0.355208 0.593056 0.055208 0.121296
8 0.383594 0.600926 0.007812 0.044444
7 0.325521 0.547222 0.005208 0.020370
8 0.319271 0.570833 0.016667 0.062037
2 0.321094 0.589352 0.013021 0.045370
7 0.272135 0.603241 0.022396 0.119444
6 0.146875 0.631944 0.087500 0.128704
2 0.392188 0.557870 0.003125 0.012037
8 0.392188 0.546296 0.004167 0.011111
5 0.735677 0.635648 0.181771 0.223148
