4 0.428906 0.534259 0.015104 0.037037
4 0.413281 0.539352 0.029687 0.043519
7 0.396875 0.521296 0.004167 0.031481
7 0.391927 0.521759 0.004687 0.030556
6 0.357552 0.530556 0.007812 0.027778
8 0.348438 0.561111 0.021875 0.085185
7 0.143750 0.556019 0.014583 0.106481
7 0.121094 0.571296 0.030729 0.148148
7 0.098437 0.557407 0.023958 0.122222
7 0.071875 0.579630 0.030208 0.203704
7 0.040625 0.549074 0.029167 0.155556
7 0.045573 0.584722 0.055729 0.213889
7 0.010156 0.554630 0.018229 0.150000
1 0.015104 0.652315 0.029167 0.206481
2 0.347656 0.585185 0.021354 0.055556
4 0.232813 0.625926 0.165625 0.187037
6 0.251823 0.717593 0.105729 0.242593
8 0.257031 0.647685 0.080729 0.232407
3 0.502604 0.515741 0.106250 0.220370
13 0.575260 0.518519 0.039062 0.116667
4 0.642448 0.560185 0.045312 0.061111
8 0.727865 0.555093 0.009896 0.025000
6 0.729167 0.575463 0.015625 0.034259
6 0.713281 0.586111 0.021354 0.037037
8 0.714063 0.553241 0.016667 0.037963
10 0.630990 0.423148 0.018229 0.040741
