6 0.430990 0.527778 0.004687 0.011111
8 0.430729 0.520833 0.004167 0.010185
1 0.445052 0.538889 0.023438 0.050000
7 0.460677 0.532407 0.006771 0.031481
7 0.467187 0.527778 0.007292 0.029630
7 0.475781 0.525000 0.011979 0.033333
7 0.488542 0.512963 0.005208 0.012963
7 0.475260 0.549074 0.015104 0.068519
7 0.488802 0.585185 0.024479 0.142593
7 0.508594 0.530093 0.011979 0.036111
7 0.517708 0.542593 0.012500 0.053704
7 0.559896 0.522222 0.007292 0.033333
7 0.554427 0.527778 0.007812 0.038889
7 0.573438 0.534259 0.019792 0.068519
7 0.640104 0.506944 0.010417 0.032407
7 0.644531 0.536111 0.011979 0.064815
7 0.656771 0.539352 0.011458 0.071296
7 0.635677 0.537963 0.018229 0.042593
6 0.790625 0.582407 0.038542 0.133333
6 0.773177 0.574074 0.046354 0.142593
6 0.753646 0.598611 0.037500 0.099074
7 0.907813 0.568519 0.033333 0.109259
7 0.934115 0.568981 0.038021 0.110185
7 0.507031 0.609259 0.034896 0.185185
7 0.540625 0.610648 0.037500 0.212037
6 0.559375 0.556019 0.017708 0.041667
7 0.573698 0.589352 0.025521 0.062037
7 0.594271 0.540278 0.007292 0.019444
7 0.599479 0.537963 0.018750 0.079630
7 0.658594 0.538889 0.015104 0.077778
7 0.642969 0.528704 0.011979 0.070370
7 0.633333 0.546759 0.011458 0.056481
7 0.641667 0.506944 0.009375 0.030556
7 0.607031 0.658333 0.036979 0.212963
7 0.636979 0.655093 0.044792 0.225000
7 0.740365 0.609259 0.015104 0.064815
7 0.727083 0.653241 0.054167 0.321296
6 0.758854 0.654167 0.145833 0.204630
7 0.519010 0.516667 0.007812 0.018519
14 0.423177 0.527778 0.008854 0.012963
6 0.424479 0.536574 0.008333 0.023148
8 0.425260 0.529167 0.006771 0.023148
7 0.414844 0.532870 0.005729 0.026852
7 0.409375 0.523611 0.004167 0.015741
7 0.412240 0.533796 0.004687 0.025000
8 0.408073 0.530093 0.005729 0.023148
6 0.408854 0.538426 0.007292 0.017593
7 0.402865 0.526389 0.004687 0.015741
7 0.391406 0.539352 0.007812 0.037963
7 0.373437 0.528704 0.007292 0.022222
6 0.377604 0.552315 0.018750 0.034259
13 0.346094 0.549074 0.030729 0.059259
14 0.363021 0.556944 0.007292 0.036111
1 0.314063 0.562500 0.034375 0.069444
7 0.314583 0.564815 0.012500 0.074074
7 0.295052 0.557407 0.010937 0.064815
6 0.348958 0.572685 0.021875 0.047222
2 0.326562 0.604630 0.013542 0.070370
8 0.328906 0.571759 0.021354 0.110185
13 0.233854 0.550463 0.076042 0.134259
4 0.251823 0.616204 0.091146 0.189815
7 0.131250 0.631019 0.022917 0.052778
4 0.075521 0.606944 0.060417 0.117593
13 0.045573 0.749537 0.090104 0.500926
13 0.015365 0.478704 0.029687 0.107407
6 0.674479 0.566667 0.029167 0.042593
6 0.403906 0.593056 0.027604 0.089815
8 0.401042 0.557870 0.015625 0.060185
8 0.402604 0.575463 0.027083 0.093519
