14 0.731250 0.507407 0.008333 0.027778
14 0.721354 0.510648 0.011458 0.023148
13 0.702344 0.510185 0.019271 0.038889
13 0.676302 0.504630 0.030729 0.055556
14 0.646354 0.513426 0.019792 0.034259
4 0.621615 0.525000 0.032813 0.040741
4 0.640104 0.525000 0.016667 0.033333
7 0.571354 0.508796 0.005208 0.013889
7 0.653385 0.540741 0.023438 0.075926
8 0.538802 0.524537 0.014063 0.036111
4 0.567187 0.567593 0.101042 0.107407
4 0.485156 0.532870 0.063021 0.062037
4 0.469792 0.551389 0.068750 0.080556
8 0.378646 0.576852 0.029167 0.125926
8 0.367708 0.576389 0.039583 0.130556
6 0.370573 0.611111 0.043229 0.105556
10 0.207552 0.443519 0.021354 0.044444
4 0.169010 0.581019 0.169271 0.141667
9 0.564583 0.374537 0.012500 0.017593
9 0.572917 0.399074 0.007292 0.014815
14 0.758594 0.507407 0.011979 0.024074
4 0.748698 0.516204 0.007812 0.012037
4 0.741146 0.507407 0.013542 0.016667
4 0.739062 0.517130 0.012500 0.013889
6 0.726823 0.526389 0.003646 0.010185
8 0.726823 0.518981 0.003646 0.006481
4 0.737240 0.526852 0.016146 0.025926
8 0.709896 0.523611 0.008333 0.017593
6 0.708854 0.537037 0.009375 0.029630
