1 0.535937 0.507870 0.013542 0.006481
1 0.548438 0.584722 0.064583 0.149074
7 0.583073 0.551852 0.008854 0.064815
8 0.601562 0.564352 0.025000 0.091667
6 0.601302 0.576389 0.022396 0.069444
7 0.656771 0.529167 0.006250 0.023148
6 0.666667 0.549537 0.011458 0.045370
6 0.657813 0.565741 0.011458 0.035185
8 0.655990 0.543519 0.016146 0.029630
4 0.778646 0.550926 0.091667 0.070370
14 0.730208 0.563426 0.011458 0.032407
14 0.882812 0.597222 0.121875 0.175926
1 0.852604 0.644444 0.151042 0.225926
7 0.979948 0.647685 0.040104 0.197222
7 0.949219 0.662037 0.063021 0.270370
4 0.814323 0.785648 0.371354 0.428704
7 0.646615 0.546759 0.018229 0.056481
7 0.510156 0.511574 0.005729 0.017593
8 0.511719 0.518056 0.006771 0.017593
6 0.510156 0.529630 0.006771 0.016667
6 0.502865 0.519907 0.005729 0.015741
7 0.497135 0.521759 0.004687 0.025000
7 0.488542 0.523611 0.007292 0.032407
7 0.472135 0.517593 0.004687 0.029630
7 0.478125 0.529167 0.008333 0.037963
7 0.465885 0.516667 0.006771 0.020370
8 0.463021 0.533333 0.008333 0.044444
6 0.465885 0.543981 0.023438 0.030556
7 0.455729 0.556481 0.017708 0.081481
8 0.435417 0.546296 0.013542 0.061111
6 0.430990 0.552315 0.013021 0.034259
8 0.432552 0.533333 0.006771 0.016667
6 0.427344 0.678241 0.058854 0.197222
8 0.419531 0.621296 0.059896 0.209259
7 0.275000 0.589352 0.023958 0.176852
8 0.316406 0.600463 0.050521 0.176852
2 0.301302 0.629630 0.100521 0.109259
7 0.353125 0.632407 0.046875 0.224074
7 0.169271 0.537037 0.041667 0.068519
7 0.200781 0.589352 0.033854 0.165741
13 0.094271 0.559259 0.187500 0.187037
7 0.110937 0.594444 0.034375 0.166667
7 0.077344 0.578704 0.039062 0.183333
8 0.638021 0.611111 0.044792 0.183333
6 0.632552 0.648148 0.051562 0.155556
7 0.514844 0.534722 0.009896 0.049074
