13 0.655208 0.477778 0.032292 0.044444
7 0.661979 0.489815 0.008333 0.037037
7 0.717448 0.495833 0.010937 0.021296
7 0.599479 0.520370 0.005208 0.012963
7 0.746094 0.540278 0.027604 0.100926
6 0.774219 0.563889 0.033854 0.090741
7 0.826823 0.520370 0.020313 0.050000
6 0.815365 0.605093 0.061979 0.132407
7 0.866927 0.625000 0.051562 0.244444
7 0.928125 0.599074 0.037500 0.224074
7 0.941667 0.614815 0.046875 0.238889
7 0.990625 0.652778 0.018750 0.094444
4 0.687760 0.622222 0.141146 0.248148
7 0.614844 0.531481 0.008854 0.057407
7 0.610417 0.533796 0.014583 0.049074
7 0.587760 0.536111 0.009896 0.031481
7 0.577604 0.558796 0.018750 0.113889
7 0.504167 0.543981 0.018750 0.043519
6 0.494271 0.623148 0.051042 0.125926
7 0.252344 0.582407 0.042188 0.129630
7 0.292708 0.602778 0.061458 0.161111
6 0.375260 0.780093 0.107813 0.358333
8 0.365104 0.726389 0.122917 0.378704
1 0.102083 0.549074 0.203125 0.275926
8 0.820052 0.576852 0.050521 0.162963
7 0.035677 0.782870 0.070312 0.169444
14 0.547135 0.572685 0.039062 0.073148
14 0.527344 0.584259 0.040104 0.066667
7 0.653385 0.491204 0.010937 0.025000
7 0.780990 0.512500 0.013021 0.041667
7 0.789844 0.537963 0.017188 0.081481
7 0.842187 0.548148 0.025000 0.114815
