1 0.339323 0.535185 0.028646 0.033333
7 0.362760 0.523148 0.006771 0.020370
7 0.366667 0.539352 0.009375 0.037963
7 0.289844 0.536111 0.005729 0.027778
7 0.297135 0.544444 0.008854 0.053704
7 0.329948 0.525463 0.004687 0.013889
6 0.334115 0.545833 0.019271 0.021296
8 0.333333 0.539815 0.012500 0.033333
7 0.305729 0.544907 0.011458 0.050926
7 0.285417 0.551852 0.011458 0.055556
4 0.269271 0.549074 0.027083 0.059259
13 0.226042 0.532407 0.070833 0.133333
7 0.201302 0.576389 0.015104 0.099074
6 0.256510 0.585185 0.036979 0.087037
7 0.218490 0.628241 0.041146 0.162037
4 0.085938 0.602778 0.170833 0.144444
6 0.317969 0.571296 0.019271 0.057407
8 0.320573 0.547685 0.019271 0.050926
13 0.770052 0.535185 0.166146 0.262963
7 0.850781 0.693056 0.045312 0.121296
7 0.888281 0.740741 0.056771 0.125926
7 0.611458 0.542593 0.015625 0.050000
13 0.494271 0.543981 0.082292 0.156481
7 0.508594 0.598611 0.030729 0.150926
7 0.541406 0.608796 0.039062 0.137963
6 0.623698 0.551852 0.009896 0.037037
7 0.583594 0.598148 0.025521 0.164815
7 0.572656 0.606944 0.029687 0.169444
6 0.432031 0.586574 0.031771 0.082407
8 0.435937 0.569907 0.033333 0.099074
14 0.652604 0.613426 0.082292 0.080556
