13 0.535156 0.537037 0.015104 0.029630
4 0.554427 0.541667 0.011979 0.025926
4 0.544531 0.549074 0.016146 0.024074
4 0.564583 0.543981 0.016667 0.015741
4 0.595833 0.563889 0.045833 0.079630
4 0.629427 0.568519 0.030729 0.070370
4 0.659375 0.569444 0.045833 0.090741
4 0.684635 0.593056 0.065104 0.086111
7 0.634375 0.582407 0.017708 0.098148
4 0.572396 0.550463 0.013542 0.030556
8 0.560937 0.573148 0.016667 0.066667
6 0.560156 0.581481 0.014063 0.048148
4 0.518750 0.565741 0.040625 0.059259
8 0.497396 0.550463 0.008333 0.028704
6 0.496354 0.557407 0.008333 0.016667
1 0.480990 0.554167 0.016146 0.041667
7 0.485677 0.550926 0.007812 0.042593
4 0.475000 0.562037 0.022917 0.050000
1 0.436979 0.592593 0.105208 0.120370
10 0.325260 0.480093 0.047396 0.075000
10 0.325000 0.431944 0.019792 0.010185
8 0.249740 0.585648 0.013021 0.078704
6 0.376042 0.624074 0.051042 0.088889
8 0.366146 0.600000 0.019792 0.103704
1 0.303125 0.627315 0.131250 0.217593
4 0.141667 0.634259 0.159375 0.175926
