14 0.485156 0.557870 0.032813 0.017593
13 0.538542 0.553704 0.022917 0.033333
4 0.521615 0.560185 0.015104 0.014815
1 0.512760 0.567593 0.019271 0.025926
4 0.557552 0.568981 0.015104 0.021296
4 0.539583 0.566667 0.017708 0.011111
8 0.554167 0.565741 0.005208 0.009259
8 0.530990 0.562963 0.004687 0.007407
4 0.530729 0.590278 0.029167 0.056481
8 0.514062 0.577778 0.007292 0.029630
8 0.512240 0.580093 0.010937 0.034259
4 0.496875 0.594444 0.044792 0.066667
1 0.442969 0.589352 0.046354 0.058333
4 0.481771 0.594907 0.050000 0.052778
7 0.400260 0.570370 0.010937 0.035185
7 0.384896 0.570370 0.013542 0.037037
4 0.384115 0.641667 0.096354 0.118519
6 0.373698 0.684722 0.034896 0.108333
8 0.373437 0.638426 0.034375 0.123148
6 0.307031 0.600463 0.041146 0.056481
6 0.297396 0.602315 0.047917 0.043519
6 0.283073 0.596296 0.046354 0.031481
7 0.238802 0.573611 0.024479 0.071296
7 0.175521 0.576852 0.026042 0.092593
4 0.260156 0.756944 0.205729 0.313889
1 0.101042 0.785185 0.201042 0.427778
6 0.444792 0.744444 0.068750 0.224074
8 0.438281 0.702315 0.075521 0.256481
4 0.548698 0.596296 0.039062 0.050000
4 0.550260 0.616667 0.044271 0.079630
4 0.575260 0.652315 0.085938 0.147222
1 0.583854 0.571296 0.028125 0.020370
7 0.598958 0.569444 0.007292 0.020370
4 0.614844 0.576852 0.019271 0.016667
4 0.620833 0.584722 0.021875 0.015741
8 0.605990 0.578241 0.007812 0.021296
4 0.629427 0.588889 0.022396 0.027778
4 0.671094 0.600000 0.094271 0.083333
4 0.816146 0.688426 0.147917 0.204630
6 0.904948 0.728241 0.055729 0.143519
8 0.902865 0.669907 0.047396 0.137963
4 0.619010 0.713889 0.125521 0.225926
4 0.748437 0.781944 0.306250 0.436111
4 0.480208 0.667130 0.093750 0.176852
1 0.477865 0.564815 0.019271 0.016667
