6 0.464583 0.508333 0.008333 0.018519
6 0.473177 0.509259 0.007812 0.014815
8 0.472656 0.505093 0.004687 0.021296
7 0.491667 0.504630 0.004167 0.020370
8 0.586719 0.513889 0.007812 0.014815
6 0.585938 0.526389 0.006250 0.012037
6 0.579427 0.530556 0.009896 0.027778
8 0.574479 0.513426 0.004167 0.012037
6 0.572656 0.534722 0.013021 0.026852
8 0.570052 0.516667 0.008854 0.024074
7 0.632552 0.517593 0.005729 0.035185
8 0.613281 0.521296 0.006771 0.031481
6 0.612500 0.539815 0.011458 0.038889
8 0.620573 0.534722 0.013021 0.052778
6 0.622656 0.545370 0.014063 0.046296
6 0.645833 0.541667 0.017708 0.037037
8 0.646615 0.527778 0.013021 0.044444
6 0.729948 0.527778 0.020313 0.033333
6 0.710156 0.525463 0.007812 0.034259
7 0.715885 0.523611 0.007812 0.041667
6 0.698698 0.527778 0.011979 0.033333
8 0.697656 0.519444 0.009896 0.044444
6 0.780208 0.538889 0.019792 0.027778
6 0.789062 0.535185 0.021875 0.040741
8 0.646875 0.531481 0.012500 0.051852
6 0.674479 0.554167 0.019792 0.052778
8 0.675260 0.537500 0.015104 0.047222
13 0.899740 0.499074 0.200521 0.303704
1 0.415885 0.514815 0.009896 0.029630
4 0.433854 0.525463 0.031250 0.032407
4 0.483594 0.545370 0.046354 0.064815
6 0.442448 0.524537 0.015104 0.023148
6 0.440885 0.543519 0.015104 0.033333
7 0.429688 0.525000 0.009375 0.053704
7 0.401042 0.547222 0.010417 0.062963
7 0.409896 0.548148 0.012500 0.066667
14 0.327083 0.587037 0.059375 0.062963
8 0.287760 0.547222 0.018229 0.066667
6 0.221615 0.547222 0.043229 0.068519
6 0.272396 0.606944 0.041667 0.095370
6 0.014844 0.584259 0.027604 0.135185
6 0.058333 0.657407 0.115625 0.155556
6 0.938542 0.850463 0.122917 0.297222
8 0.943490 0.833796 0.113021 0.326852
6 0.532031 0.510185 0.009896 0.009259
