7 0.083073 0.642593 0.030729 0.146296
7 0.123438 0.591204 0.042708 0.130556
7 0.147396 0.620833 0.034375 0.128704
7 0.117969 0.611574 0.025521 0.091667
7 0.113281 0.674074 0.059896 0.053704
7 0.091667 0.699074 0.029167 0.096296
6 0.101302 0.713426 0.163021 0.225000
13 0.059375 0.553241 0.117708 0.210185
13 0.156771 0.547222 0.082292 0.088889
14 0.216667 0.541204 0.034375 0.100926
6 0.228906 0.636574 0.049479 0.060185
8 0.208333 0.588426 0.030208 0.086111
7 0.274219 0.627778 0.035937 0.077778
7 0.274740 0.538426 0.022396 0.075000
7 0.314583 0.550000 0.016667 0.057407
6 0.326562 0.615278 0.079167 0.108333
8 0.318490 0.587037 0.030729 0.098148
8 0.338802 0.584722 0.036979 0.112037
1 0.358594 0.581019 0.064062 0.128704
7 0.389844 0.592130 0.011979 0.102778
6 0.407031 0.574074 0.021354 0.053704
7 0.415885 0.537037 0.010937 0.064815
6 0.432292 0.557407 0.020833 0.064815
7 0.430990 0.553704 0.019271 0.072222
7 0.449740 0.529630 0.005729 0.022222
7 0.446615 0.558333 0.014063 0.079630
7 0.457552 0.552778 0.018229 0.096296
7 0.476562 0.514352 0.008333 0.023148
7 0.467708 0.541667 0.010417 0.061111
7 0.470833 0.517130 0.008333 0.021296
7 0.479687 0.552315 0.018750 0.087963
6 0.495052 0.544444 0.010937 0.044444
8 0.493490 0.530556 0.008854 0.040741
8 0.495052 0.535185 0.013021 0.048148
8 0.502083 0.527315 0.009375 0.041667
6 0.502083 0.537963 0.010417 0.037037
13 0.516667 0.510648 0.025000 0.062037
8 0.515885 0.514815 0.008854 0.042593
8 0.522917 0.499074 0.008333 0.031481
7 0.532552 0.512963 0.005729 0.035185
8 0.538281 0.518981 0.009896 0.032407
6 0.538542 0.527778 0.008333 0.027778
7 0.544792 0.516204 0.007292 0.032407
7 0.562760 0.518519 0.007812 0.038889
7 0.567448 0.525000 0.009896 0.051852
6 0.552344 0.531944 0.013021 0.032407
8 0.552083 0.522222 0.013542 0.040741
7 0.559375 0.505556 0.005208 0.018519
7 0.574219 0.522685 0.009896 0.054630
7 0.577865 0.535648 0.013021 0.056481
7 0.589063 0.533796 0.014583 0.067593
7 0.600260 0.511111 0.006771 0.025926
7 0.605729 0.538889 0.012500 0.066667
7 0.617708 0.537963 0.011458 0.057407
7 0.632812 0.519907 0.014583 0.030556
7 0.649479 0.575463 0.031250 0.149074
7 0.679167 0.571296 0.023958 0.116667
7 0.692969 0.558333 0.009896 0.114815
7 0.697917 0.562963 0.019792 0.120370
7 0.727344 0.520370 0.008854 0.031481
7 0.742708 0.518981 0.017708 0.026852
7 0.752865 0.516667 0.015104 0.035185
7 0.761458 0.522222 0.017708 0.033333
7 0.786719 0.536111 0.007812 0.046296
7 0.804427 0.569444 0.026562 0.133333
7 0.930469 0.598148 0.039062 0.096296
8 0.738021 0.678241 0.039583 0.304630
8 0.777604 0.687500 0.102083 0.313889
6 0.783594 0.774074 0.118229 0.340741
7 0.991927 0.674537 0.016146 0.167593
14 0.644010 0.576389 0.057813 0.084259
6 0.273958 0.617593 0.061458 0.092593
14 0.140625 0.547222 0.048958 0.079630
13 0.485156 0.511574 0.027604 0.065741
7 0.709896 0.536111 0.010417 0.059259
7 0.717187 0.537500 0.009375 0.071296
