13 0.542188 0.497685 0.016667 0.032407
7 0.563021 0.504630 0.004167 0.018519
8 0.572917 0.513889 0.009375 0.027778
6 0.572656 0.522685 0.009896 0.025000
7 0.727083 0.570370 0.015625 0.031481
8 0.557813 0.522685 0.007292 0.028704
6 0.557552 0.538426 0.009896 0.034259
8 0.565885 0.531481 0.014063 0.048148
6 0.565365 0.550926 0.011979 0.031481
13 0.648438 0.572685 0.139583 0.302778
1 0.892708 0.692130 0.155208 0.328704
14 0.979948 0.735648 0.040104 0.191667
7 0.982812 0.909259 0.032292 0.151852
6 0.847917 0.831944 0.186458 0.334259
8 0.785677 0.724074 0.067187 0.340741
8 0.851823 0.760648 0.131771 0.393519
8 0.655990 0.699537 0.110937 0.332407
6 0.656771 0.756944 0.094792 0.300926
7 0.556510 0.504167 0.010937 0.015741
7 0.522396 0.501389 0.004167 0.019444
7 0.545052 0.533796 0.007812 0.050926
7 0.526823 0.515278 0.006771 0.023148
7 0.535156 0.512963 0.005729 0.014815
7 0.537500 0.530093 0.007292 0.045370
7 0.516146 0.514815 0.005208 0.024074
6 0.512500 0.540741 0.012500 0.035185
8 0.520573 0.522685 0.007812 0.032407
6 0.519531 0.547685 0.007812 0.030556
6 0.528646 0.553241 0.011458 0.036111
8 0.530208 0.526852 0.011458 0.029630
6 0.477604 0.544907 0.026042 0.026852
8 0.480208 0.530093 0.011458 0.039815
6 0.504167 0.560648 0.027083 0.052778
8 0.498177 0.551852 0.016146 0.075926
6 0.475260 0.572222 0.039062 0.059259
7 0.427344 0.574074 0.019271 0.107407
7 0.440104 0.578704 0.030208 0.146296
7 0.450521 0.614352 0.034375 0.187963
7 0.360156 0.511574 0.009896 0.045370
7 0.417969 0.587963 0.021354 0.120370
7 0.388281 0.600000 0.024479 0.148148
7 0.403906 0.617130 0.031771 0.169444
7 0.270052 0.559259 0.020313 0.072222
7 0.238542 0.595370 0.040625 0.083333
7 0.226042 0.570370 0.025000 0.107407
7 0.224740 0.684722 0.055729 0.273148
7 0.311719 0.750000 0.145313 0.500000
7 0.152344 0.615741 0.052604 0.203704
7 0.466667 0.515741 0.008333 0.031481
7 0.510156 0.500463 0.003646 0.008333
14 0.355208 0.587963 0.038542 0.046296
7 0.818750 0.536111 0.015625 0.027778
7 0.803646 0.548148 0.016667 0.025926
7 0.395573 0.509722 0.015104 0.037963
