1 0.550260 0.568519 0.008854 0.014815
14 0.570052 0.563889 0.005729 0.005556
4 0.563021 0.574074 0.015625 0.029630
8 0.554167 0.570370 0.009375 0.022222
6 0.554167 0.587500 0.009375 0.025000
1 0.591146 0.606481 0.046875 0.107407
14 0.682552 0.688426 0.078646 0.137963
7 0.689063 0.666204 0.054167 0.200926
14 0.750521 0.730556 0.101042 0.153704
7 0.773698 0.696759 0.066146 0.256481
7 0.986979 0.586574 0.014583 0.078704
14 0.942708 0.841204 0.114583 0.287963
3 0.533854 0.554167 0.026042 0.026852
1 0.524740 0.573148 0.009896 0.027778
4 0.536198 0.574074 0.020313 0.033333
6 0.541667 0.582870 0.008333 0.025000
8 0.541146 0.567130 0.009375 0.019444
1 0.503906 0.571296 0.019271 0.031481
14 0.493490 0.566667 0.004687 0.011111
4 0.471354 0.577315 0.016667 0.039815
10 0.478906 0.548148 0.008854 0.012963
14 0.440625 0.559722 0.019792 0.012037
4 0.460417 0.581944 0.019792 0.045370
4 0.448958 0.585185 0.034375 0.050000
4 0.423698 0.591667 0.043229 0.064815
4 0.362500 0.571759 0.020833 0.021296
4 0.346094 0.598611 0.050521 0.073148
4 0.248958 0.614815 0.041667 0.090741
4 0.176042 0.625926 0.117708 0.124074
4 0.083854 0.646296 0.166667 0.205556
4 0.389062 0.601389 0.061458 0.076852
4 0.298177 0.616667 0.105729 0.111111
6 0.490104 0.613426 0.028125 0.067593
8 0.489323 0.595833 0.026562 0.082407
8 0.480208 0.586111 0.013542 0.061111
6 0.479167 0.605556 0.007292 0.024074
8 0.509115 0.576389 0.011979 0.036111
6 0.508594 0.592130 0.016146 0.047222
