8 0.569792 0.518981 0.005208 0.023148
6 0.571094 0.524537 0.006771 0.013889
7 0.560417 0.531019 0.008333 0.037963
7 0.566146 0.518981 0.006250 0.028704
8 0.558594 0.508333 0.007812 0.014815
7 0.552865 0.522685 0.006771 0.028704
1 0.540365 0.532407 0.021354 0.040741
6 0.545833 0.541667 0.018750 0.044444
6 0.547656 0.583796 0.029687 0.062037
7 0.515104 0.529167 0.007292 0.019444
7 0.499479 0.540278 0.012500 0.036111
7 0.508073 0.531481 0.008854 0.035185
6 0.539844 0.552778 0.015104 0.040741
7 0.523698 0.554167 0.032813 0.076852
6 0.528385 0.618056 0.026562 0.097222
6 0.496354 0.592130 0.015625 0.060185
6 0.511458 0.625926 0.040625 0.151852
7 0.478125 0.555556 0.026042 0.094444
7 0.490104 0.616667 0.045833 0.170370
7 0.457813 0.541667 0.011458 0.033333
7 0.428906 0.606944 0.042188 0.213889
7 0.398698 0.591667 0.029687 0.137037
7 0.286719 0.546759 0.018229 0.036111
7 0.243490 0.523611 0.015104 0.034259
7 0.254688 0.576389 0.020833 0.050926
6 0.570573 0.525000 0.006771 0.014815
8 0.576302 0.531481 0.011979 0.033333
8 0.575781 0.536111 0.010937 0.040741
6 0.577344 0.546296 0.011979 0.033333
8 0.583854 0.527315 0.010417 0.030556
6 0.583333 0.542593 0.009375 0.031481
8 0.582031 0.521296 0.006771 0.037037
8 0.589063 0.522222 0.008333 0.044444
8 0.594271 0.509259 0.007292 0.033333
13 0.589583 0.520370 0.023958 0.062963
7 0.604427 0.528241 0.007812 0.037963
7 0.612760 0.530093 0.005729 0.032407
7 0.616667 0.521296 0.007292 0.018519
6 0.620833 0.541667 0.016667 0.018519
8 0.621354 0.526389 0.008333 0.021296
14 0.628385 0.540741 0.015104 0.020370
8 0.640625 0.564352 0.034375 0.089815
8 0.642708 0.567130 0.029167 0.089815
6 0.642448 0.594907 0.023438 0.082407
14 0.704167 0.597685 0.062500 0.067593
7 0.673438 0.538889 0.007292 0.040741
7 0.683594 0.541204 0.011979 0.050926
7 0.691667 0.536111 0.011458 0.044444
7 0.695833 0.543981 0.018750 0.047222
7 0.721094 0.539815 0.015104 0.046296
8 0.710677 0.597222 0.043229 0.144444
6 0.708594 0.644907 0.043229 0.130556
7 0.755990 0.582870 0.016146 0.115741
7 0.785417 0.533796 0.019792 0.047222
7 0.768490 0.600926 0.041146 0.174074
7 0.797656 0.569444 0.019271 0.081481
7 0.821094 0.595370 0.033854 0.159259
7 0.841927 0.577778 0.020313 0.051852
7 0.850781 0.567130 0.014063 0.049074
7 0.883854 0.561574 0.026042 0.058333
7 0.876042 0.587037 0.020833 0.055556
7 0.890885 0.584259 0.013021 0.042593
7 0.860938 0.636574 0.026042 0.078704
8 0.898698 0.772685 0.141146 0.454630
8 0.944792 0.787963 0.110417 0.424074
7 0.004687 0.520833 0.008333 0.047222
7 0.034635 0.555556 0.030729 0.059259
7 0.056771 0.583796 0.036458 0.187963
7 0.076042 0.568981 0.019792 0.134259
7 0.093490 0.549074 0.024479 0.100000
7 0.107813 0.571296 0.027083 0.190741
7 0.139844 0.580093 0.032813 0.182407
7 0.169792 0.531944 0.020833 0.047222
7 0.185677 0.571759 0.025521 0.065741
7 0.208333 0.566204 0.022917 0.073148
7 0.253125 0.583333 0.030208 0.068519
7 0.295573 0.526389 0.009896 0.017593
7 0.315885 0.584722 0.024479 0.078704
7 0.320573 0.520370 0.011979 0.022222
