3 0.483854 0.518056 0.009375 0.025000
8 0.492448 0.523148 0.003646 0.011111
6 0.492969 0.529630 0.003646 0.009259
3 0.501042 0.516667 0.011458 0.022222
8 0.540885 0.526852 0.006771 0.016667
6 0.540885 0.538889 0.006771 0.022222
13 0.571354 0.525926 0.038542 0.081481
4 0.620833 0.560648 0.054167 0.073148
7 0.673698 0.542130 0.009896 0.043519
7 0.682292 0.543519 0.007292 0.024074
8 0.702344 0.569444 0.013021 0.081481
6 0.703385 0.582407 0.013021 0.072222
6 0.811198 0.631944 0.046354 0.100926
1 0.750521 0.606944 0.097917 0.187963
6 0.862240 0.634259 0.058854 0.109259
8 0.846094 0.597222 0.018229 0.112963
8 0.864323 0.605556 0.042188 0.124074
14 0.470313 0.512963 0.006250 0.005556
4 0.479427 0.522685 0.011979 0.021296
4 0.470573 0.522222 0.007812 0.014815
14 0.462760 0.520833 0.009896 0.013889
1 0.453646 0.522685 0.010417 0.017593
4 0.445312 0.521296 0.007292 0.012963
4 0.438802 0.526389 0.017188 0.021296
4 0.436198 0.514815 0.009896 0.003704
8 0.458073 0.522685 0.002604 0.010185
8 0.456771 0.523611 0.005208 0.012037
6 0.456510 0.533333 0.003646 0.011111
8 0.462240 0.532407 0.008854 0.031481
6 0.462240 0.543519 0.008854 0.024074
13 0.412500 0.517130 0.028125 0.063889
4 0.410677 0.542130 0.006771 0.028704
1 0.400260 0.537963 0.020313 0.048148
13 0.369271 0.524537 0.043750 0.091667
4 0.311458 0.567130 0.023958 0.093519
1 0.275260 0.566667 0.064062 0.118519
4 0.211979 0.535185 0.066667 0.064815
7 0.167448 0.512500 0.013021 0.026852
6 0.261458 0.729630 0.105208 0.218519
8 0.276562 0.640278 0.063542 0.254630
8 0.250521 0.645370 0.075000 0.257407
1 0.022917 0.621296 0.044792 0.214815
13 0.919271 0.560185 0.161458 0.318519
13 0.513021 0.514352 0.010417 0.034259
4 0.535937 0.529167 0.014583 0.019444
7 0.685677 0.562500 0.005729 0.045370
8 0.807292 0.599074 0.028125 0.120370
