7 0.504687 0.529630 0.006250 0.031481
7 0.510156 0.529630 0.008854 0.031481
7 0.522917 0.522685 0.005208 0.017593
8 0.515885 0.524074 0.011979 0.018519
7 0.498437 0.530093 0.006250 0.037963
7 0.494010 0.540278 0.010937 0.056481
7 0.489063 0.531481 0.007292 0.033333
7 0.483854 0.531019 0.006250 0.036111
7 0.463802 0.533333 0.007812 0.024074
7 0.468750 0.538889 0.010417 0.051852
7 0.357292 0.535185 0.011458 0.025926
7 0.330469 0.552778 0.020313 0.048148
7 0.341667 0.554630 0.015625 0.061111
7 0.298958 0.533333 0.019792 0.072222
7 0.260677 0.530556 0.017188 0.077778
1 0.203385 0.553241 0.100521 0.115741
13 0.022396 0.523148 0.043750 0.172222
7 0.131771 0.617593 0.040625 0.096296
7 0.232292 0.641204 0.055208 0.102778
14 0.407031 0.606481 0.024479 0.061111
14 0.369792 0.615741 0.058333 0.070370
6 0.449219 0.636574 0.043229 0.108333
7 0.448698 0.521759 0.005729 0.013889
7 0.455208 0.524537 0.005208 0.017593
7 0.457031 0.543519 0.007812 0.020370
8 0.448177 0.599074 0.042188 0.142593
13 0.542188 0.513889 0.029167 0.027778
6 0.535677 0.525463 0.016146 0.008333
8 0.538021 0.522685 0.008333 0.015741
7 0.555990 0.523611 0.006771 0.015741
7 0.570833 0.525000 0.005208 0.022222
6 0.562240 0.539815 0.011979 0.027778
8 0.563021 0.525463 0.010417 0.021296
7 0.580469 0.538426 0.010937 0.049074
1 0.599219 0.525000 0.025521 0.024074
1 0.625260 0.556944 0.039062 0.089815
2 0.583854 0.587963 0.004167 0.033333
7 0.601823 0.566204 0.019271 0.100926
7 0.622917 0.568056 0.025000 0.100926
7 0.662240 0.532407 0.014063 0.037037
7 0.590625 0.569907 0.021875 0.100926
6 0.645052 0.588889 0.030729 0.077778
7 0.691927 0.593519 0.013021 0.046296
7 0.673698 0.612037 0.038021 0.185185
7 0.808594 0.546296 0.009896 0.051852
7 0.817969 0.529630 0.006771 0.009259
7 0.821875 0.527778 0.006250 0.011111
7 0.857292 0.545370 0.010417 0.037037
7 0.864844 0.542593 0.006771 0.029630
7 0.870313 0.554630 0.010417 0.046296
7 0.875260 0.575926 0.011979 0.061111
7 0.896094 0.581019 0.032813 0.163889
7 0.933073 0.575463 0.040104 0.152778
6 0.915104 0.923611 0.069792 0.152778
8 0.969271 0.788426 0.061458 0.423148
7 0.764323 0.580556 0.020313 0.042593
7 0.743490 0.604630 0.036979 0.170370
7 0.722135 0.631481 0.025521 0.146296
4 0.538281 0.586111 0.076563 0.112963
7 0.240365 0.565278 0.028646 0.062037
7 0.837760 0.628241 0.045312 0.069444
