8 0.387240 0.501852 0.008854 0.042593
8 0.396875 0.503241 0.011458 0.043519
6 0.399479 0.512963 0.018750 0.029630
13 0.577344 0.502315 0.092188 0.108333
8 0.648177 0.538426 0.022396 0.076852
6 0.651302 0.553704 0.033854 0.081481
7 0.606771 0.544444 0.023958 0.092593
1 0.475000 0.525926 0.054167 0.107407
8 0.468750 0.527315 0.029167 0.093519
6 0.470833 0.557870 0.031250 0.099074
8 0.444010 0.616667 0.046354 0.194444
8 0.428646 0.626852 0.067708 0.237037
6 0.437760 0.697222 0.059896 0.200000
14 0.775781 0.517130 0.016146 0.047222
