1 0.423177 0.535185 0.025521 0.061111
7 0.391667 0.513889 0.006250 0.005556
4 0.387500 0.572685 0.077083 0.112037
4 0.361198 0.548148 0.023438 0.062963
1 0.350000 0.519907 0.023958 0.028704
1 0.341927 0.538889 0.030729 0.064815
7 0.327865 0.535648 0.006771 0.069444
7 0.323698 0.522222 0.005729 0.042593
10 0.296615 0.461111 0.008854 0.016667
5 0.266667 0.542593 0.109375 0.175926
1 0.234635 0.586111 0.085938 0.148148
7 0.196875 0.510648 0.017708 0.030556
7 0.161719 0.547685 0.019271 0.102778
6 0.073698 0.522222 0.013021 0.035185
10 0.029687 0.352778 0.022917 0.061111
10 0.037500 0.392130 0.044792 0.082407
6 0.016667 0.542593 0.031250 0.055556
6 0.009896 0.576389 0.018750 0.069444
7 0.028646 0.639352 0.056250 0.221296
8 0.143750 0.617130 0.065625 0.176852
6 0.145313 0.650463 0.055208 0.128704
3 0.509896 0.507870 0.148958 0.300926
13 0.588542 0.483796 0.020833 0.049074
7 0.620833 0.517593 0.007292 0.009259
4 0.620313 0.538426 0.019792 0.036111
4 0.613802 0.543981 0.007812 0.032407
13 0.598177 0.543056 0.028646 0.073148
13 0.788021 0.516667 0.311458 0.409259
6 0.642448 0.663426 0.076563 0.178704
8 0.638802 0.615741 0.053646 0.177778
6 0.915625 0.807870 0.140625 0.265741
8 0.919792 0.698148 0.092708 0.281481
7 0.399740 0.509722 0.003646 0.013889
7 0.396354 0.509259 0.003125 0.012963
