3 0.467187 0.506019 0.010417 0.036111
8 0.464583 0.512963 0.007292 0.022222
14 0.528385 0.506019 0.008854 0.034259
13 0.545573 0.502315 0.036979 0.052778
1 0.571875 0.515741 0.011458 0.011111
13 0.594531 0.501389 0.035937 0.043519
7 0.732552 0.533796 0.005729 0.039815
7 0.726302 0.540278 0.006771 0.047222
3 0.872396 0.502778 0.254167 0.207407
8 0.779427 0.547222 0.018229 0.038889
6 0.791146 0.592593 0.011458 0.081481
6 0.782813 0.603241 0.014583 0.075000
13 0.498698 0.480556 0.055729 0.109259
13 0.447917 0.506019 0.034375 0.041667
8 0.517188 0.520833 0.009375 0.021296
8 0.541667 0.521296 0.003125 0.012963
8 0.538021 0.519444 0.004167 0.014815
8 0.494010 0.529630 0.015104 0.035185
8 0.514844 0.537963 0.011979 0.050000
6 0.520052 0.565278 0.005729 0.054630
8 0.525000 0.536574 0.013542 0.045370
6 0.515885 0.568056 0.008854 0.036111
8 0.504948 0.545833 0.022396 0.067593
6 0.517448 0.552778 0.003646 0.011111
4 0.551302 0.576852 0.063021 0.112963
4 0.645052 0.618056 0.183854 0.234259
8 0.626302 0.700926 0.108854 0.329630
6 0.630208 0.767130 0.109375 0.282407
4 0.892708 0.783333 0.214583 0.431481
6 0.747917 0.861574 0.175000 0.276852
8 0.743490 0.766667 0.167187 0.466667
8 0.448958 0.519444 0.009375 0.012963
8 0.470313 0.518056 0.007292 0.012037
4 0.457292 0.526852 0.044792 0.009259
14 0.446094 0.616667 0.134896 0.181481
6 0.479427 0.752315 0.092188 0.293519
8 0.479167 0.699537 0.105208 0.334259
8 0.472135 0.675000 0.080729 0.279630
4 0.250260 0.550926 0.197396 0.379630
7 0.256510 0.659259 0.051562 0.296296
6 0.349740 0.781481 0.124479 0.353704
8 0.354687 0.675926 0.091667 0.300000
4 0.084635 0.511574 0.063021 0.060185
4 0.044531 0.521296 0.083854 0.085185
4 0.023698 0.525926 0.046354 0.092593
7 0.078385 0.528241 0.040104 0.095370
7 0.097917 0.627778 0.047917 0.274074
7 0.020573 0.586574 0.029687 0.241667
7 0.006250 0.595370 0.011458 0.275926
6 0.151562 0.908796 0.155208 0.182407
8 0.114583 0.786111 0.228125 0.427778
10 0.419010 0.477315 0.006771 0.012037
