14 0.522917 0.552778 0.010417 0.011111
14 0.542708 0.549537 0.029167 0.012037
14 0.531771 0.559259 0.010417 0.009259
14 0.565625 0.561574 0.015625 0.021296
14 0.577344 0.563889 0.007812 0.014815
8 0.584635 0.552315 0.005729 0.012037
7 0.603125 0.554630 0.005208 0.011111
7 0.609896 0.556944 0.006250 0.019444
7 0.615104 0.557407 0.006250 0.018519
7 0.617708 0.557870 0.006250 0.017593
7 0.623437 0.556944 0.006250 0.023148
7 0.629167 0.555093 0.008333 0.025000
6 0.632031 0.582870 0.007812 0.021296
8 0.633073 0.567593 0.010937 0.025926
8 0.640625 0.556944 0.008333 0.023148
7 0.657813 0.562500 0.008333 0.039815
7 0.661458 0.560185 0.005208 0.040741
7 0.587760 0.556481 0.003646 0.014815
7 0.591406 0.556019 0.003646 0.012037
8 0.645833 0.563426 0.006250 0.030556
7 0.651823 0.568981 0.010937 0.058333
7 0.670312 0.565278 0.009375 0.050926
7 0.682813 0.555556 0.007292 0.033333
7 0.722135 0.560648 0.010937 0.045370
7 0.715104 0.558333 0.022917 0.046296
7 0.746875 0.562963 0.019792 0.053704
7 0.755729 0.544907 0.010417 0.026852
7 0.770052 0.560185 0.020313 0.066667
7 0.763021 0.564815 0.018750 0.059259
6 0.685156 0.609259 0.031771 0.062963
8 0.687760 0.591204 0.020313 0.080556
8 0.595313 0.561111 0.008333 0.011111
4 0.604427 0.604630 0.058854 0.075926
6 0.642708 0.662500 0.036458 0.130556
8 0.640365 0.623148 0.036979 0.107407
8 0.583333 0.575463 0.013542 0.045370
8 0.571615 0.573148 0.018229 0.038889
6 0.571094 0.604167 0.010937 0.032407
8 0.561198 0.561111 0.011979 0.020370
8 0.550521 0.562963 0.006250 0.014815
8 0.548438 0.564815 0.007292 0.016667
8 0.540885 0.573611 0.013021 0.037963
8 0.533594 0.604167 0.027604 0.087963
6 0.533594 0.636574 0.021354 0.056481
8 0.557292 0.605093 0.030208 0.078704
6 0.554688 0.650463 0.028125 0.069444
8 0.598437 0.684259 0.072917 0.242593
6 0.601042 0.758796 0.073958 0.212037
4 0.498958 0.575926 0.043750 0.055556
7 0.504167 0.575463 0.011458 0.034259
8 0.464583 0.563889 0.005208 0.005556
8 0.459115 0.564352 0.003646 0.008333
8 0.447917 0.570833 0.006250 0.013889
4 0.477604 0.592593 0.062500 0.059259
10 0.404948 0.505556 0.016146 0.042593
4 0.436719 0.623148 0.102604 0.100000
7 0.401042 0.569444 0.013542 0.020370
4 0.356771 0.663426 0.121875 0.163889
8 0.295833 0.608333 0.031250 0.088889
2 0.286979 0.640741 0.027083 0.081481
7 0.258333 0.632407 0.017708 0.125926
2 0.038802 0.869907 0.077604 0.204630
8 0.030990 0.807407 0.060937 0.385185
