13 0.473177 0.566667 0.011979 0.029630
4 0.508333 0.575926 0.012500 0.020370
1 0.586719 0.583796 0.028646 0.054630
6 0.502865 0.584259 0.007812 0.022222
8 0.503125 0.578241 0.008333 0.028704
6 0.491927 0.577315 0.003646 0.012037
8 0.491406 0.570370 0.003646 0.005556
6 0.486458 0.574537 0.003125 0.008333
8 0.486719 0.570370 0.003646 0.007407
1 0.479427 0.577778 0.014063 0.031481
6 0.622396 0.646759 0.040625 0.100926
8 0.622917 0.618519 0.032292 0.100000
7 0.455729 0.575926 0.004167 0.018519
7 0.465104 0.580093 0.003125 0.017593
7 0.461198 0.576852 0.003646 0.020370
4 0.423698 0.581481 0.025521 0.037037
4 0.395052 0.582407 0.034896 0.044444
7 0.402083 0.587500 0.016667 0.054630
6 0.433333 0.593981 0.015625 0.045370
8 0.434115 0.583333 0.013021 0.048148
6 0.396094 0.643981 0.033854 0.073148
6 0.368750 0.783333 0.077083 0.211111
8 0.367708 0.705556 0.073958 0.242593
4 0.524219 0.583796 0.026562 0.032407
4 0.872656 0.777315 0.254688 0.445370
