14 0.487240 0.518056 0.011979 0.032407
6 0.487240 0.527778 0.004687 0.018519
8 0.487500 0.520833 0.005208 0.021296
13 0.470052 0.506944 0.010937 0.015741
7 0.458073 0.530093 0.007812 0.034259
1 0.473438 0.536574 0.026042 0.058333
6 0.450521 0.562037 0.017708 0.059259
8 0.451562 0.547222 0.017708 0.061111
8 0.451302 0.546759 0.017188 0.065741
6 0.474219 0.549074 0.016146 0.048148
8 0.475000 0.536111 0.013542 0.051852
13 0.532031 0.528241 0.049479 0.121296
7 0.588802 0.552315 0.014063 0.089815
8 0.640625 0.546759 0.018750 0.063889
2 0.644531 0.568056 0.014063 0.017593
8 0.559635 0.605556 0.053646 0.170370
6 0.558854 0.648611 0.058333 0.162037
8 0.614583 0.630556 0.040625 0.214815
8 0.632292 0.639352 0.072917 0.221296
6 0.628125 0.692593 0.072917 0.211111
6 0.497135 0.520370 0.008854 0.009259
7 0.504167 0.522685 0.003125 0.015741
