13 0.352344 0.505556 0.113021 0.103704
13 0.440104 0.526852 0.025000 0.029630
4 0.474479 0.526852 0.028125 0.016667
3 0.501563 0.519444 0.010417 0.031481
3 0.538802 0.514815 0.073438 0.064815
3 0.596615 0.540278 0.045312 0.080556
4 0.630469 0.576852 0.024479 0.035185
4 0.657292 0.602315 0.028125 0.071296
8 0.637240 0.584259 0.017188 0.057407
8 0.647396 0.587500 0.020833 0.060185
6 0.646615 0.625000 0.020313 0.051852
3 0.700000 0.571296 0.036458 0.029630
8 0.674479 0.595370 0.021875 0.083333
6 0.671615 0.621759 0.015104 0.037963
10 0.730729 0.485648 0.019792 0.030556
8 0.730469 0.571759 0.010937 0.006481
8 0.771094 0.578704 0.013021 0.009259
4 0.738542 0.606481 0.086458 0.062963
8 0.823698 0.585648 0.014063 0.010185
8 0.864844 0.587963 0.014063 0.022222
8 0.875521 0.593981 0.013542 0.023148
4 0.827865 0.729630 0.282813 0.288889
4 0.945312 0.722685 0.109375 0.236111
4 0.979948 0.916667 0.039062 0.164815
7 0.691667 0.702778 0.050000 0.277778
10 0.610938 0.520833 0.023958 0.032407
8 0.595052 0.563889 0.020313 0.029630
1 0.562240 0.615741 0.059896 0.137037
4 0.596094 0.659259 0.102604 0.161111
4 0.532031 0.569444 0.018229 0.072222
8 0.425000 0.549537 0.008333 0.025000
8 0.414323 0.548611 0.011979 0.030556
4 0.435677 0.545833 0.022396 0.019444
1 0.482292 0.664815 0.116667 0.261111
8 0.401042 0.552778 0.013542 0.038889
6 0.401302 0.568056 0.010937 0.019444
4 0.421615 0.631019 0.033854 0.156481
8 0.413281 0.581481 0.024479 0.079630
6 0.389583 0.647222 0.030208 0.088889
8 0.392969 0.596759 0.033854 0.110185
8 0.268229 0.680093 0.068750 0.230556
6 0.236979 0.857870 0.150000 0.282407
8 0.233073 0.762037 0.123438 0.394444
10 0.731510 0.508333 0.017188 0.012963
