14 0.542188 0.541667 0.015625 0.012963
14 0.563021 0.534259 0.012500 0.014815
14 0.575521 0.543519 0.010417 0.014815
14 0.553906 0.550926 0.014063 0.014815
14 0.521875 0.553241 0.015625 0.010185
1 0.537500 0.555093 0.014583 0.006481
8 0.544271 0.548611 0.006250 0.019444
14 0.565885 0.548148 0.009896 0.012963
4 0.541927 0.575000 0.017188 0.031481
10 0.496615 0.537963 0.010937 0.020370
8 0.550781 0.577315 0.010937 0.037963
4 0.536458 0.570833 0.014583 0.021296
13 0.596875 0.531481 0.036458 0.061111
8 0.594271 0.513889 0.007292 0.020370
8 0.583073 0.508333 0.008854 0.027778
4 0.590625 0.540278 0.014583 0.037963
6 0.711458 0.589352 0.025000 0.073148
7 0.779948 0.555556 0.017188 0.044444
7 0.794271 0.579630 0.022917 0.083333
6 0.699740 0.634259 0.036979 0.088889
6 0.714844 0.639815 0.033854 0.092593
8 0.517188 0.566667 0.028125 0.018519
7 0.417969 0.579167 0.005729 0.015741
7 0.411198 0.578704 0.009896 0.022222
1 0.442448 0.591667 0.036979 0.048148
14 0.462240 0.595833 0.007812 0.026852
4 0.434115 0.633796 0.060937 0.102778
8 0.407813 0.620833 0.020833 0.082407
6 0.411198 0.680093 0.015104 0.056481
7 0.254688 0.592593 0.015625 0.048148
8 0.240885 0.608333 0.017188 0.022222
7 0.164062 0.625926 0.016667 0.101852
2 0.089323 0.679167 0.051562 0.093519
8 0.092448 0.645833 0.036979 0.132407
1 0.488542 0.601389 0.054167 0.080556
6 0.431510 0.668519 0.043229 0.107407
8 0.428906 0.645370 0.040104 0.146296
6 0.127865 0.754630 0.080729 0.177778
4 0.215625 0.716204 0.104167 0.210185
4 0.570573 0.593981 0.041146 0.076852
4 0.588542 0.614815 0.062500 0.111111
8 0.597917 0.558333 0.007292 0.012963
4 0.629948 0.650926 0.100521 0.151852
4 0.829427 0.789815 0.341146 0.420370
14 0.004687 0.877315 0.008333 0.049074
4 0.065885 0.950000 0.130729 0.100000
6 0.500260 0.731019 0.068229 0.217593
8 0.502865 0.645833 0.051562 0.137963
8 0.497135 0.688889 0.066146 0.212963
4 0.510938 0.663889 0.108333 0.175926
1 0.335156 0.727315 0.160938 0.315741
