13 0.467187 0.503704 0.011458 0.040741
14 0.465625 0.518519 0.007292 0.018519
13 0.442969 0.516204 0.036979 0.056481
8 0.455208 0.525000 0.011458 0.014815
7 0.436979 0.533333 0.014583 0.035185
4 0.405208 0.523148 0.038542 0.025926
8 0.344271 0.519444 0.012500 0.012963
4 0.283073 0.518519 0.010937 0.042593
4 0.333854 0.540741 0.105208 0.244444
8 0.370833 0.710648 0.072917 0.104630
6 0.370573 0.740278 0.049479 0.100926
8 0.480990 0.521296 0.009896 0.011111
13 0.502344 0.485185 0.058854 0.112963
8 0.499479 0.524537 0.013542 0.021296
6 0.517448 0.552778 0.018229 0.038889
8 0.519531 0.532870 0.019271 0.034259
13 0.533854 0.503241 0.020833 0.034259
14 0.562240 0.515741 0.006771 0.007407
13 0.549219 0.512037 0.023438 0.037037
8 0.542969 0.528241 0.010937 0.026852
8 0.537240 0.524537 0.009896 0.021296
6 0.533333 0.583333 0.017708 0.055556
8 0.531250 0.558333 0.019792 0.083333
8 0.552344 0.522685 0.010937 0.015741
4 0.580469 0.520370 0.028646 0.012963
4 0.567187 0.578241 0.070833 0.106481
8 0.555208 0.572685 0.033333 0.112037
6 0.558073 0.613889 0.036979 0.090741
3 0.700000 0.491204 0.133333 0.050926
4 0.687240 0.644444 0.227604 0.281481
1 0.972917 0.617593 0.053125 0.151852
4 0.961979 0.837963 0.076042 0.324074
6 0.830990 0.889352 0.179688 0.215741
8 0.850521 0.772222 0.206250 0.455556
6 0.634375 0.803704 0.112500 0.320370
8 0.625521 0.719444 0.131250 0.350000
4 0.472396 0.619907 0.111458 0.182407
14 0.231250 0.496759 0.061458 0.065741
7 0.236458 0.569907 0.026042 0.167593
7 0.251302 0.581481 0.035937 0.170370
7 0.199219 0.561574 0.013021 0.165741
7 0.187240 0.552315 0.025521 0.184259
4 0.152604 0.519907 0.054167 0.075000
4 0.140885 0.517130 0.029687 0.065741
4 0.133333 0.540278 0.016667 0.041667
7 0.138802 0.518981 0.020313 0.089815
4 0.042448 0.492593 0.082812 0.035185
4 0.043490 0.523148 0.085938 0.087037
6 0.180729 0.827315 0.185417 0.345370
8 0.199740 0.733333 0.120313 0.383333
8 0.152865 0.733796 0.130729 0.384259
10 0.189062 0.329167 0.050000 0.106481
