13 0.330469 0.495833 0.046354 0.049074
4 0.262500 0.514815 0.012500 0.025926
13 0.242448 0.492593 0.033854 0.087037
10 0.259635 0.479167 0.016146 0.023148
8 0.302083 0.518519 0.006250 0.031481
6 0.300781 0.525000 0.009896 0.025926
8 0.323958 0.525926 0.011458 0.035185
6 0.322917 0.534722 0.010417 0.025000
8 0.366406 0.512963 0.006771 0.011111
6 0.365885 0.520833 0.004687 0.013889
6 0.387760 0.525000 0.008854 0.012963
7 0.417969 0.523611 0.005729 0.025000
6 0.434115 0.530093 0.009896 0.017593
4 0.368750 0.555556 0.046875 0.061111
8 0.425521 0.576389 0.023958 0.089815
6 0.426302 0.595833 0.029687 0.071296
7 0.555208 0.546759 0.009375 0.047222
7 0.890885 0.540741 0.008854 0.018519
4 0.920573 0.595370 0.123438 0.096296
6 0.970313 0.576389 0.052083 0.069444
7 0.969010 0.558333 0.010937 0.064815
7 0.979427 0.568981 0.009896 0.075000
7 0.989844 0.574537 0.015104 0.078704
14 0.377344 0.513426 0.010937 0.015741
8 0.395052 0.512500 0.004687 0.006481
6 0.395573 0.519907 0.008854 0.010185
