3 0.457292 0.523611 0.009375 0.025000
4 0.450000 0.527778 0.007292 0.012963
3 0.439583 0.519444 0.011458 0.016667
4 0.439063 0.530093 0.014583 0.021296
1 0.461458 0.530093 0.008333 0.019444
3 0.483333 0.519907 0.036458 0.082407
7 0.453385 0.535185 0.004687 0.020370
7 0.431250 0.531944 0.005208 0.026852
7 0.435677 0.536574 0.005729 0.026852
6 0.428646 0.540741 0.010417 0.020370
8 0.426042 0.533333 0.005208 0.025926
4 0.416146 0.535648 0.018750 0.032407
6 0.411979 0.546296 0.013542 0.025926
8 0.410938 0.537963 0.008333 0.037037
14 0.390625 0.544907 0.012500 0.028704
10 0.366667 0.483333 0.008333 0.016667
4 0.378646 0.546296 0.022917 0.050000
13 0.326823 0.528704 0.058854 0.124074
1 0.358333 0.577315 0.057292 0.126852
10 0.321094 0.456481 0.010937 0.024074
3 0.200000 0.545833 0.222917 0.269444
10 0.121615 0.402778 0.023438 0.040741
6 0.531510 0.593519 0.034896 0.100000
8 0.531771 0.572222 0.027083 0.098148
10 0.515885 0.495833 0.005729 0.015741
14 0.509635 0.520833 0.017188 0.039815
13 0.532031 0.519907 0.038021 0.065741
14 0.557031 0.535185 0.011979 0.033333
4 0.578385 0.540741 0.015104 0.025926
6 0.572396 0.547685 0.006250 0.023148
8 0.571354 0.536111 0.006250 0.018519
1 0.605729 0.544444 0.016667 0.031481
7 0.616406 0.543981 0.005729 0.037963
7 0.625781 0.542130 0.010937 0.034259
6 0.626563 0.575463 0.018750 0.052778
8 0.626563 0.557407 0.014583 0.051852
7 0.669792 0.542593 0.008333 0.029630
14 0.667708 0.563889 0.012500 0.035185
8 0.675521 0.570370 0.019792 0.096296
8 0.687500 0.575463 0.029167 0.100926
6 0.687500 0.601389 0.034375 0.095370
13 0.752083 0.555556 0.125000 0.188889
13 0.916146 0.569444 0.167708 0.338889
7 0.816406 0.578704 0.013021 0.070370
7 0.825000 0.578241 0.012500 0.071296
