14 0.575260 0.515741 0.009896 0.014815
6 0.574219 0.524537 0.005729 0.012037
8 0.573698 0.517593 0.004687 0.014815
14 0.569792 0.519907 0.005208 0.013889
7 0.565365 0.519444 0.003646 0.020370
7 0.560677 0.513889 0.003646 0.009259
4 0.549479 0.514352 0.010417 0.013889
7 0.552604 0.514352 0.004167 0.013889
7 0.558073 0.513426 0.003646 0.013889
8 0.548438 0.524537 0.008333 0.017593
1 0.584375 0.520833 0.010417 0.023148
4 0.592187 0.518981 0.007292 0.015741
6 0.553906 0.538889 0.006771 0.014815
7 0.539062 0.520370 0.006250 0.018519
7 0.534896 0.525000 0.008333 0.029630
7 0.542969 0.545833 0.019271 0.073148
7 0.530990 0.556481 0.008854 0.053704
7 0.522396 0.519907 0.004167 0.015741
7 0.513021 0.517593 0.006250 0.012963
7 0.518750 0.518981 0.005208 0.015741
7 0.516406 0.556019 0.020313 0.082407
7 0.509115 0.527778 0.006771 0.020370
7 0.502083 0.524074 0.013542 0.027778
7 0.487760 0.536111 0.008854 0.027778
7 0.498437 0.584259 0.040625 0.144444
7 0.481510 0.526852 0.008854 0.018519
7 0.481510 0.541204 0.006771 0.028704
7 0.477604 0.552315 0.008333 0.028704
7 0.510938 0.596759 0.021875 0.117593
7 0.470313 0.582870 0.028125 0.071296
7 0.463542 0.548611 0.010417 0.039815
7 0.429427 0.612037 0.038021 0.227778
7 0.446875 0.631481 0.047917 0.235185
6 0.376823 0.678241 0.069271 0.200926
8 0.377604 0.639352 0.081250 0.245370
7 0.320573 0.662963 0.053646 0.250000
13 0.254948 0.493519 0.107813 0.137037
14 0.248438 0.656019 0.106250 0.125000
7 0.202344 0.616204 0.027604 0.208333
7 0.080990 0.634722 0.032813 0.234259
7 0.594531 0.539352 0.008854 0.054630
13 0.619271 0.527778 0.041667 0.087037
13 0.652083 0.502315 0.032292 0.039815
4 0.667708 0.604630 0.112500 0.170370
4 0.778906 0.562963 0.116146 0.085185
4 0.924479 0.595370 0.148958 0.142593
8 0.946615 0.609722 0.036979 0.150926
8 0.967187 0.646759 0.052083 0.215741
8 0.984375 0.656944 0.028125 0.210185
6 0.992969 0.753241 0.013021 0.167593
7 0.896875 0.580093 0.035417 0.095370
6 0.561979 0.612500 0.041667 0.121296
8 0.562500 0.583333 0.040625 0.127778
6 0.897396 0.843981 0.204167 0.312037
8 0.898438 0.768981 0.113542 0.447222
7 0.231771 0.646296 0.052083 0.259259
