9 0.572917 0.329167 0.016667 0.034259
14 0.768229 0.480556 0.006250 0.011111
14 0.748437 0.484259 0.014583 0.009259
4 0.744792 0.493056 0.016667 0.012037
4 0.744271 0.511111 0.019792 0.037037
8 0.726302 0.522685 0.015104 0.049074
6 0.726562 0.534722 0.019792 0.041667
7 0.649479 0.533333 0.015625 0.098148
14 0.684375 0.492130 0.029167 0.058333
14 0.706771 0.491204 0.015625 0.032407
14 0.721875 0.494907 0.015625 0.021296
14 0.733073 0.488426 0.009896 0.015741
14 0.655208 0.494444 0.015625 0.027778
4 0.634115 0.515278 0.023438 0.047222
6 0.616667 0.523611 0.011458 0.026852
8 0.616667 0.517130 0.010417 0.032407
7 0.593229 0.510185 0.004167 0.035185
7 0.585938 0.510648 0.007292 0.039815
7 0.756510 0.486574 0.006771 0.034259
4 0.515625 0.509259 0.060417 0.027778
14 0.505729 0.513426 0.051042 0.012037
4 0.483073 0.631481 0.221354 0.231481
6 0.385417 0.624074 0.064583 0.109259
8 0.394010 0.555093 0.034896 0.071296
8 0.378906 0.565278 0.044271 0.104630
4 0.253125 0.592130 0.154167 0.145370
10 0.076563 0.433333 0.027083 0.057407
7 0.483594 0.506944 0.010937 0.023148
14 0.767448 0.498611 0.010937 0.036111
4 0.657292 0.512963 0.010417 0.025926
9 0.584635 0.358333 0.010937 0.022222
