13 0.448437 0.519907 0.028125 0.058333
13 0.487500 0.466667 0.051042 0.087037
6 0.592187 0.551389 0.007292 0.036111
6 0.587760 0.562500 0.008854 0.034259
6 0.648438 0.529630 0.012500 0.027778
4 0.713542 0.516204 0.040625 0.026852
14 0.770052 0.520833 0.021354 0.023148
1 0.944792 0.528241 0.035417 0.065741
1 0.898698 0.543519 0.058854 0.092593
4 0.984896 0.540741 0.030208 0.050000
7 0.955990 0.526389 0.011979 0.039815
7 0.940625 0.531019 0.007292 0.052778
7 0.920573 0.556944 0.013021 0.078704
6 0.939844 0.569444 0.032813 0.053704
6 0.958594 0.559722 0.030729 0.050926
6 0.690104 0.542130 0.009375 0.032407
6 0.718750 0.548148 0.017708 0.031481
6 0.766667 0.556019 0.019792 0.028704
6 0.770573 0.561574 0.016146 0.025000
8 0.425521 0.519444 0.004167 0.016667
8 0.430729 0.525000 0.010417 0.027778
6 0.431510 0.542130 0.009896 0.028704
8 0.421094 0.529167 0.014063 0.034259
6 0.419271 0.548611 0.013542 0.047222
7 0.368750 0.504167 0.005208 0.010185
7 0.322656 0.501389 0.004687 0.012037
4 0.489844 0.526389 0.085938 0.047222
4 0.501563 0.673148 0.173958 0.307407
8 0.393490 0.706019 0.115104 0.347222
6 0.380469 0.829167 0.140104 0.341667
6 0.207552 0.689815 0.074479 0.144444
8 0.200781 0.638426 0.082812 0.228704
8 0.027344 0.570370 0.039062 0.059259
4 0.134896 0.796296 0.268750 0.407407
10 0.117188 0.329630 0.035417 0.064815
10 0.115104 0.377315 0.039583 0.023148
6 0.979688 0.595370 0.035417 0.042593
4 0.335938 0.612963 0.156250 0.220370
8 0.593750 0.539815 0.011458 0.057407
