13 0.535156 0.571759 0.018229 0.041667
14 0.555469 0.563889 0.015104 0.014815
4 0.554427 0.579630 0.017188 0.029630
4 0.582292 0.582407 0.021875 0.033333
4 0.585938 0.587963 0.013542 0.033333
4 0.592187 0.592130 0.019792 0.039815
4 0.599479 0.603704 0.017708 0.064815
4 0.633333 0.618519 0.083333 0.140741
4 0.696875 0.629630 0.053125 0.096296
4 0.752865 0.631944 0.113021 0.160185
4 0.883073 0.709722 0.191146 0.221296
7 0.777344 0.694444 0.041146 0.264815
8 0.648177 0.672685 0.061979 0.178704
6 0.643490 0.696759 0.047396 0.163889
13 0.507031 0.573148 0.017188 0.025926
7 0.501823 0.578704 0.004687 0.029630
8 0.494792 0.580093 0.007292 0.034259
6 0.493490 0.587500 0.008854 0.026852
1 0.461719 0.587037 0.024479 0.053704
7 0.471094 0.584722 0.010937 0.058333
4 0.424219 0.610648 0.066146 0.082407
7 0.259375 0.603704 0.023958 0.111111
7 0.108073 0.671759 0.038021 0.165741
4 0.524740 0.594444 0.036979 0.057407
14 0.484375 0.582870 0.010417 0.037963
10 0.020573 0.312037 0.040104 0.020370
10 0.032813 0.419444 0.064583 0.174074
14 0.226562 0.712037 0.109375 0.127778
4 0.566406 0.575000 0.014063 0.016667
