14 0.500521 0.588889 0.022917 0.035185
1 0.468229 0.595833 0.022917 0.045370
4 0.444531 0.611111 0.050521 0.061111
4 0.518229 0.604167 0.036458 0.054630
1 0.598177 0.681019 0.186979 0.219444
7 0.673438 0.648148 0.020833 0.150000
4 0.611979 0.571296 0.040625 0.018519
4 0.645052 0.601389 0.051562 0.075000
4 0.687760 0.622685 0.061979 0.117593
4 0.746615 0.656481 0.100521 0.125926
6 0.491667 0.598611 0.007292 0.017593
8 0.490625 0.585185 0.007292 0.018519
7 0.475260 0.593981 0.009896 0.049074
7 0.326302 0.601389 0.023438 0.075000
7 0.258854 0.638889 0.026042 0.111111
6 0.272135 0.742593 0.122396 0.162963
8 0.267448 0.689352 0.039062 0.193519
1 0.055729 0.773611 0.110417 0.452778
10 0.222396 0.490741 0.065625 0.111111
10 0.221875 0.424074 0.031250 0.016667
14 0.338802 0.666667 0.066146 0.085185
