14 0.406250 0.502315 0.014583 0.019444
4 0.417708 0.510185 0.010417 0.014815
7 0.405729 0.505556 0.004167 0.009259
8 0.402604 0.511574 0.007292 0.015741
8 0.400521 0.516667 0.006250 0.020370
6 0.400781 0.532870 0.005729 0.010185
7 0.396094 0.506019 0.004687 0.013889
7 0.389583 0.509259 0.004167 0.020370
13 0.376302 0.512037 0.022396 0.040741
8 0.384115 0.516204 0.007812 0.030556
7 0.409115 0.509722 0.004687 0.012037
8 0.412500 0.510185 0.006250 0.014815
6 0.424479 0.533333 0.004167 0.022222
8 0.422917 0.519444 0.005208 0.018519
8 0.420312 0.526852 0.011458 0.037037
8 0.390625 0.523611 0.009375 0.036111
6 0.394792 0.549074 0.016667 0.050000
8 0.393490 0.539815 0.018229 0.068519
7 0.427344 0.509722 0.004687 0.017593
7 0.429948 0.509722 0.004687 0.012037
7 0.436198 0.506944 0.004687 0.010185
7 0.443750 0.509722 0.004167 0.010185
7 0.452344 0.512037 0.003646 0.018519
7 0.454427 0.512500 0.002604 0.015741
6 0.458854 0.525463 0.015625 0.021296
8 0.458854 0.518056 0.007292 0.023148
14 0.477083 0.519444 0.018750 0.029630
7 0.475781 0.521759 0.009896 0.026852
6 0.490104 0.541204 0.014583 0.032407
7 0.502604 0.511574 0.004167 0.006481
7 0.508854 0.533796 0.011458 0.052778
7 0.522135 0.533333 0.011979 0.051852
7 0.499479 0.544907 0.013542 0.080556
7 0.515365 0.553241 0.015104 0.067593
7 0.534115 0.548148 0.016146 0.077778
7 0.574479 0.529630 0.009375 0.029630
7 0.596875 0.555093 0.016667 0.106481
7 0.579688 0.583796 0.023958 0.119444
6 0.416667 0.599074 0.031250 0.101852
8 0.412240 0.570833 0.032813 0.104630
8 0.410156 0.573611 0.030729 0.097222
6 0.472135 0.726389 0.085938 0.265741
8 0.472396 0.629630 0.070833 0.190741
7 0.941146 0.605556 0.038542 0.190741
6 0.550000 0.642593 0.061458 0.148148
8 0.555208 0.605556 0.046875 0.153704
7 0.674740 0.623148 0.015104 0.174074
7 0.688542 0.581019 0.028125 0.254630
6 0.730469 0.773148 0.110937 0.292593
8 0.739062 0.688426 0.091667 0.297222
4 0.360156 0.517130 0.036979 0.032407
7 0.356510 0.524537 0.006771 0.034259
7 0.363281 0.525000 0.008854 0.040741
7 0.375260 0.540278 0.009896 0.054630
6 0.363542 0.562500 0.016667 0.058333
6 0.294271 0.575926 0.041667 0.066667
7 0.289844 0.571759 0.020313 0.112037
7 0.235937 0.562500 0.034375 0.089815
7 0.221875 0.581481 0.022917 0.053704
7 0.089063 0.626389 0.031250 0.095370
7 0.173177 0.693981 0.065104 0.278704
7 0.236458 0.748611 0.066667 0.410185
6 0.178125 0.735185 0.182292 0.148148
7 0.120313 0.699074 0.059375 0.377778
7 0.334896 0.545833 0.020833 0.086111
6 0.446875 0.522222 0.015625 0.018519
8 0.447396 0.516204 0.009375 0.023148
6 0.438542 0.523611 0.006250 0.017593
8 0.439323 0.511574 0.005729 0.015741
6 0.431771 0.532870 0.008333 0.017593
8 0.431771 0.520370 0.010417 0.024074
8 0.485938 0.521296 0.010417 0.025926
