13 0.486719 0.426349 0.073438 0.035270
3 0.593359 0.488589 0.153906 0.205394
7 0.673828 0.517635 0.011719 0.060166
4 0.413672 0.469917 0.066406 0.085062
4 0.476953 0.462656 0.108594 0.134855
8 0.376172 0.526452 0.046094 0.125519
6 0.374219 0.561722 0.050000 0.104772
6 0.329297 0.577801 0.063281 0.124481
8 0.385937 0.505705 0.021875 0.048755
8 0.338672 0.540975 0.066406 0.152490
4 0.520703 0.633299 0.150781 0.227178
6 0.424609 0.807573 0.189844 0.382780
8 0.401172 0.626037 0.103906 0.262448
8 0.432422 0.714730 0.202344 0.402490
6 0.076953 0.840768 0.152344 0.312241
8 0.069141 0.775934 0.136719 0.439834
