7 0.141667 0.619907 0.041667 0.158333
6 0.340625 0.677778 0.051042 0.133333
13 0.427865 0.553241 0.034896 0.063889
7 0.446094 0.572222 0.005729 0.027778
13 0.498177 0.550000 0.039062 0.087037
13 0.589323 0.574537 0.070312 0.100926
4 0.422396 0.607870 0.041667 0.062037
8 0.440365 0.599537 0.014063 0.063889
1 0.378385 0.614352 0.053646 0.091667
1 0.347396 0.623148 0.066667 0.120370
1 0.318490 0.643981 0.050521 0.158333
1 0.247396 0.667593 0.134375 0.205556
13 0.832031 0.567130 0.050521 0.076852
13 0.858854 0.552778 0.059375 0.070370
1 0.035937 0.621759 0.069792 0.191667
