7 0.059375 0.487033 0.029687 0.057054
4 0.191797 0.421680 0.113281 0.073651
7 0.230469 0.449170 0.015625 0.062241
7 0.083594 0.499481 0.037500 0.071577
7 0.260156 0.461618 0.020313 0.087137
6 0.360547 0.450726 0.044531 0.054979
8 0.340625 0.442946 0.032813 0.056017
4 0.450391 0.418050 0.016406 0.018672
7 0.390234 0.439315 0.016406 0.061203
2 0.445703 0.460581 0.016406 0.058091
8 0.435547 0.449689 0.030469 0.075726
14 0.492188 0.409751 0.032813 0.041494
13 0.537500 0.404046 0.068750 0.108921
13 0.581250 0.428942 0.089063 0.142116
4 0.623047 0.484959 0.138281 0.160788
13 0.822656 0.457988 0.354687 0.913900
