1 0.029687 0.589352 0.058333 0.204630
7 0.127865 0.575926 0.048438 0.151852
6 0.332292 0.626852 0.047917 0.133333
7 0.430469 0.531481 0.006771 0.027778
13 0.484635 0.509722 0.039062 0.087963
13 0.838021 0.510185 0.070833 0.072222
13 0.818490 0.527778 0.052604 0.087037
13 0.576562 0.528241 0.068750 0.099074
7 0.427083 0.560185 0.015625 0.062963
4 0.408594 0.564815 0.036979 0.064815
1 0.364063 0.576389 0.056250 0.087963
1 0.338021 0.580093 0.062500 0.119444
1 0.307552 0.598611 0.046354 0.145370
1 0.238281 0.626852 0.136979 0.212963
