4 0.493359 0.471992 0.024219 0.033195
13 0.552344 0.455394 0.054688 0.095436
4 0.559375 0.492220 0.042188 0.079876
4 0.592969 0.510373 0.060937 0.091286
7 0.434375 0.492220 0.017188 0.065353
6 0.382422 0.509855 0.055469 0.052905
8 0.376172 0.498444 0.017969 0.054979
4 0.239063 0.483921 0.076563 0.069502
7 0.322656 0.520747 0.025000 0.080913
2 0.487500 0.514004 0.012500 0.052905
8 0.479297 0.509336 0.025781 0.076763
4 0.158203 0.534751 0.022656 0.050830
7 0.180469 0.547199 0.031250 0.063278
13 0.729688 0.445021 0.275000 0.363071
1 0.962891 0.629149 0.066406 0.330913
