13 0.253385 0.441204 0.504687 0.562037
1 0.796875 0.365741 0.023958 0.053704
7 0.859635 0.376852 0.007812 0.046296
8 0.834635 0.363426 0.013021 0.026852
8 0.828906 0.372685 0.031771 0.045370
6 0.827083 0.431944 0.030208 0.076852
8 0.764844 0.349537 0.005729 0.013889
6 0.765625 0.358796 0.011458 0.013889
8 0.737240 0.356019 0.013021 0.025000
6 0.736719 0.370370 0.014063 0.025926
4 0.717448 0.345833 0.006771 0.013889
13 0.700521 0.344444 0.013542 0.020370
3 0.678385 0.344907 0.013021 0.025000
4 0.671615 0.356481 0.010937 0.020370
6 0.629948 0.368981 0.007812 0.015741
8 0.629687 0.356481 0.007292 0.014815
6 0.735417 0.550926 0.181250 0.211111
8 0.732292 0.502315 0.085417 0.289815
7 0.231510 0.387037 0.008854 0.012963
13 0.937760 0.353241 0.122396 0.250926
7 0.977083 0.557407 0.041667 0.272222
