4 0.396094 0.524896 0.093750 0.163900
4 0.485547 0.549274 0.130469 0.274896
4 0.562891 0.531120 0.025781 0.053942
4 0.610156 0.541494 0.103125 0.078838
13 0.810937 0.418568 0.378125 0.835062
6 0.477734 0.560685 0.017969 0.017635
8 0.497656 0.541494 0.043750 0.089212
8 0.517578 0.547718 0.069531 0.078838
4 0.593359 0.789419 0.402344 0.421162
6 0.370703 0.637967 0.077344 0.168050
8 0.336328 0.566390 0.047656 0.128631
8 0.321875 0.589730 0.035937 0.154564
8 0.371484 0.592324 0.053906 0.184647
14 0.034375 0.535788 0.067187 0.104772
6 0.166797 0.848029 0.278906 0.303942
8 0.160938 0.767635 0.251563 0.458506
