13 0.189844 0.264815 0.378646 0.424074
14 0.016667 0.354167 0.032292 0.054630
13 0.501563 0.296759 0.039583 0.043519
14 0.537240 0.295833 0.038021 0.045370
13 0.675000 0.294907 0.068750 0.075000
13 0.694792 0.317130 0.033333 0.039815
14 0.718750 0.320833 0.023958 0.030556
13 0.760677 0.304167 0.046354 0.063889
14 0.892448 0.325463 0.057813 0.099074
6 0.832812 0.430093 0.108333 0.125000
8 0.806771 0.395833 0.039583 0.136111
8 0.825521 0.393519 0.031250 0.140741
4 0.862240 0.751852 0.273438 0.496296
