4 0.522266 0.507261 0.055469 0.078838
13 0.541406 0.465768 0.020313 0.026971
3 0.563281 0.496888 0.043750 0.062241
1 0.667188 0.536307 0.059375 0.089212
4 0.748047 0.545124 0.050781 0.088174
6 0.718359 0.632780 0.074219 0.161826
8 0.721875 0.588693 0.082812 0.173237
4 0.543359 0.579876 0.116406 0.122407
13 0.870313 0.448133 0.257812 0.892116
6 0.352734 0.549274 0.047656 0.044606
7 0.342578 0.517635 0.011719 0.037344
8 0.355469 0.528527 0.023438 0.048755
6 0.443750 0.597510 0.060937 0.130705
6 0.390234 0.685166 0.094531 0.223029
8 0.389844 0.625000 0.087500 0.239627
7 0.203906 0.561203 0.018750 0.060166
8 0.192578 0.753112 0.196094 0.485477
8 0.151953 0.770228 0.288281 0.453320
14 0.591797 0.502593 0.014844 0.025934
