13 0.548958 0.518519 0.047917 0.094444
3 0.703646 0.541667 0.239583 0.350000
1 0.495312 0.529630 0.039583 0.068519
1 0.523958 0.523611 0.056250 0.080556
8 0.471094 0.543981 0.020313 0.050926
6 0.484115 0.556944 0.017188 0.017593
4 0.514323 0.662500 0.120313 0.217593
8 0.458594 0.567593 0.030729 0.075926
6 0.465104 0.600463 0.035417 0.078704
6 0.384896 0.659722 0.065625 0.163889
8 0.384375 0.598611 0.047917 0.132407
8 0.386198 0.622685 0.063021 0.171296
6 0.245833 0.840278 0.203125 0.319444
8 0.267188 0.780556 0.160417 0.438889
6 0.011458 0.720833 0.021875 0.117593
