7 0.359766 0.515041 0.013281 0.038382
6 0.367578 0.540975 0.046094 0.036307
8 0.369922 0.525415 0.019531 0.046680
13 0.553906 0.464730 0.026562 0.029046
3 0.569922 0.490664 0.035156 0.060166
1 0.600000 0.493257 0.021875 0.038382
1 0.641406 0.523859 0.050000 0.068465
6 0.650391 0.578320 0.050781 0.102697
8 0.651172 0.551867 0.057031 0.107884
13 0.835547 0.450207 0.328906 0.620332
4 0.522656 0.497925 0.067187 0.074689
4 0.541797 0.630705 0.169531 0.201245
8 0.545312 0.622925 0.120313 0.283195
6 0.538281 0.712656 0.126562 0.290456
6 0.307422 0.770228 0.141406 0.359959
8 0.304297 0.683610 0.125781 0.342324
