14 0.574219 0.550830 0.021875 0.068465
4 0.528516 0.561203 0.088281 0.168050
13 0.703906 0.533714 0.125000 0.179461
8 0.695312 0.440353 0.012500 0.019710
8 0.721875 0.438797 0.017188 0.024896
6 0.793359 0.586100 0.055469 0.066390
6 0.864062 0.619295 0.062500 0.124481
8 0.790625 0.574170 0.029687 0.084025
8 0.856641 0.588693 0.038281 0.131743
4 0.623047 0.601660 0.100781 0.112033
7 0.841016 0.553942 0.014844 0.029046
7 0.900391 0.562759 0.013281 0.025934
7 0.884375 0.570021 0.017188 0.032158
7 0.771875 0.546680 0.012500 0.037344
