4 0.233984 0.580394 0.111719 0.067427
7 0.303125 0.614627 0.017188 0.075726
7 0.126172 0.639004 0.028906 0.045643
7 0.148828 0.656120 0.042969 0.073651
7 0.422266 0.587656 0.016406 0.057054
6 0.393750 0.599066 0.046875 0.054979
8 0.378516 0.593880 0.028906 0.063278
4 0.470703 0.565871 0.016406 0.019710
3 0.493750 0.561203 0.026562 0.037344
13 0.555469 0.549274 0.060937 0.096473
13 0.579297 0.585581 0.066406 0.102697
4 0.621875 0.607365 0.107813 0.121369
13 0.816406 0.525415 0.367188 0.586100
7 0.511719 0.570021 0.009375 0.032158
2 0.483594 0.613589 0.017188 0.059129
8 0.471484 0.602697 0.022656 0.070539
