4 0.452344 0.486515 0.015625 0.020747
3 0.500781 0.484440 0.028125 0.047718
13 0.562500 0.478216 0.085938 0.126556
13 0.633984 0.516079 0.107031 0.146266
13 0.516406 0.483921 0.010937 0.065353
13 0.637109 0.515560 0.116406 0.147303
4 0.743359 0.594917 0.216406 0.241701
13 0.916406 0.368776 0.167187 0.735477
2 0.453516 0.528008 0.013281 0.051867
8 0.442578 0.518672 0.027344 0.070539
7 0.407813 0.511411 0.014063 0.062241
6 0.353906 0.523340 0.046875 0.054979
8 0.335547 0.510892 0.016406 0.067427
7 0.264062 0.533714 0.018750 0.079876
7 0.237109 0.525415 0.011719 0.067427
4 0.194922 0.495332 0.117969 0.073651
7 0.057813 0.557054 0.029687 0.060166
7 0.085156 0.577282 0.039062 0.084025
