7 0.649219 0.530083 0.014063 0.051867
3 0.551953 0.490145 0.057031 0.069502
4 0.487500 0.497925 0.050000 0.072614
4 0.523828 0.509336 0.067969 0.087137
13 0.512109 0.461618 0.032031 0.022822
13 0.462891 0.513485 0.025781 0.037344
6 0.465625 0.568983 0.043750 0.084025
8 0.464453 0.547199 0.035156 0.092324
4 0.524219 0.581950 0.082812 0.114108
6 0.584375 0.768154 0.151562 0.345436
8 0.560547 0.612033 0.086719 0.213693
8 0.594922 0.690353 0.158594 0.337137
4 0.886328 0.570021 0.136719 0.142116
6 0.356250 0.700726 0.107813 0.245851
8 0.354297 0.642116 0.099219 0.251037
6 0.244922 0.575726 0.071094 0.058091
7 0.232031 0.535788 0.017188 0.044606
8 0.248828 0.556017 0.027344 0.087137
