13 0.465625 0.472510 0.020313 0.030083
4 0.430078 0.516598 0.077344 0.151452
6 0.376172 0.590249 0.061719 0.122407
8 0.376953 0.547199 0.050781 0.131743
8 0.375000 0.552905 0.046875 0.112033
6 0.441797 0.554461 0.046094 0.069502
8 0.435156 0.539419 0.028125 0.082988
6 0.447656 0.575726 0.053125 0.095436
8 0.447266 0.543568 0.044531 0.103734
6 0.492188 0.578838 0.056250 0.105809
8 0.489453 0.544606 0.055469 0.126556
1 0.555469 0.540456 0.084375 0.122407
14 0.689063 0.520228 0.128125 0.150415
8 0.732422 0.533195 0.028906 0.082988
8 0.720703 0.531639 0.025781 0.059129
4 0.841016 0.642116 0.271094 0.273859
4 0.700391 0.793050 0.599219 0.413900
6 0.092578 0.808610 0.183594 0.382780
8 0.090234 0.723029 0.171094 0.425311
